8864
9213
9639
10103
10595
11083
11560
12144
12688
13257
13863
14500
15045
15689
16339
17135
17784
18478
19335
20089
20816
21600
22416
23196
23947
24763
25535
26372
27171
28035
28822
29683
30531
31348
32225
32892
33716
34615
35394
35923
36626
37493
38368
39169
39979
40768
41534
42328
43125
43895
44667
45416
46115
46869
47533
48191
48855
49481
50168
50826
51456
51994
52666
53242
53792
54241
54793
55235
55675
56098
56448
56846
57173
57507
57763
58062
58287
58535
58701
58896
58991
59174
59182
59205
59428
59416
59375
59142
59191
59137
58912
58799
58640
58413
58189
57942
57699
57383
57045
56692
56311
55942
55505
55071
54571
54061
53577
53060
52426
51778
51227
50550
49862
49254
48576
47917
47273
46579
45820
45097
44365
43590
42816
42028
41217
40443
39648
38817
38058
37172
36350
35722
35080
34264
33366
32559
31705
30843
30041
29182
28390
27522
26698
25870
25063
24294
23492
22712
21987
21139
20385
19649
18850
18059
17407
16655
15943
15316
14716
14126
13476
12940
12353
11798
11308
10793
10316
9829
9396
8991
8592
8240
7862
7622
7291
7028
6801
6579
6359
6187
6082
5968
5813
5820
5821
5822
5820
5810
5831
6044
6090
6286
6447
6661
6902
7122
7428
7670
8014
8403
8779
9131
9558
9983
10512
10993
11483
12004
12576
13140
13705
14377
14918
15566
16231
16992
17680
18344
19171
19935
20698
21459
22252
23023
23755
25932
28614
24323
27690
27881
28704
29539
30375
31201
32065
32876
33721
34587
35410
35954
36666
37510
38362
39195
39965
40761
41539
42329
43134
43924
44679
45471
46107
46866
47526
48185
48839
49542
50210
50831
51460
52024
52710
53301
53780
54255
54795
55239
55647
56110
56455
56834
57146
57478
57789
58053
58305
58525
58680
58872
58966
59147
59143
59215
59405
59405
59349
59165
59138
59144
58911
58854
58617
58405
58206
57984
57689
57365
57019
56674
56298
55928
55472
55027
54599
54097
53608
53060
52427
51801
51214
50566
49908
49252
48592
47928
47297
46603
45827
45098
44306
43557
42771
41999
41263
40500
39705
38897
38066
37177
36339
35725
35048
34206
33349
32590
31719
30875
30063
29195
28394
27501
26682
25866
25056
24283
23495
22718
21943
21134
20387
19654
18824
18055
17404
16658
15962
15303
14711
14118
13482
12935
12344
11782
11304
10788
10308
9824
9390
9012
8597
8250
7861
7584
7288
7025
6805
6564
6359
6182
6077
5974
5808
5813
5794
5775
5836
5827
5849
6065
6078
6288
6453
6705
6924
7184
7482
7737
8089
8468
8871
9229
9672
10109
10601
11109
11518
12129
12687
13252
13873
14480
15046
15725
16362
17116
17804
18510
19353
20089
20822
21620
22411
23179
23955
24756
25543
26372
27191
28048
28838
29710
30533
31366
32232
33038
33906
34774
35531
36074
36800
37681
38493
39331
40129
40916
41688
42523
43285
44077
44798
45571
46260
47010
47672
48341
48991
49594
50281
50951
51576
52146
52820
53359
53885
54352
54859
55323
55732
56171
56519
56887
57200
57522
57810
58110
58336
58552
58724
58885
59019
59144
59166
59246
59402
59420
59303
59130
59160
59164
58898
58792
58601
58356
58143
57922
57641
57311
56979
56608
56222
55833
55390
54938
54465
53995
53504
52934
52289
51672
51094
50449
49757
49109
48487
47815
47166
46435
45695
44954
44235
43441
42658
41855
41063
40292
39495
38681
37862
36989
36222
35664
34906
34067
33195
32419
31549
30694
29861
28971
28180
27344
26526
25705
24898
24105
23346
22545
21769
20976
20237
19509
18681
17936
17279
16501
15827
15157
14621
13989
13372
12810
12225
11672
11213
10700
10215
9722
9313
8941
8535
8161
7793
7554
7215
6953
6744
6520
6322
6127
6081
5905
5801
5795
5815
5817
5816
5810
5870
6057
6103
6315
6490
6698
6921
7170
7469
7736
8076
8455
8868
9222
9652
10093
10603
11097
11577
12136
12654
13244
13861
14509
15044
15691
16334
17102
17803
18502
19340
20097
20831
21633
22396
23193
24012
26345
27936
25561
27488
28030
28856
29705
30534
31380
32244
33048
33895
34774
35533
36093
36826
37694
38538
39344
40145
40894
41705
42500
43280
44072
44814
45592
46285
47034
47678
48333
49003
49633
50296
50955
51587
52142
52821
53391
53888
54394
54900
55295
55753
56149
56547
56878
57237
57585
57856
58092
58344
58542
58734
58885
59063
59137
59162
59280
59442
59447
59324
59185
59183
59091
58895
58816
58622
58407
58172
57868
57598
57228
56951
56638
56219
55808
55399
54955
54487
53997
53477
52938
52323
51671
51092
50442
49739
49130
48497
47837
47144
46446
45698
44972
44230
43371
42589
41808
41020
40261
39529
38740
37945
37033
36226
35633
34909
34067
33161
32379
31532
30667
29900
28994
28222
27365
26536
25717
24904
24127
23346
22555
21784
20990
20265
19492
18645
17912
17269
16489
15836
15182
14610
13984
13375
12814
12214
11666
11216
10702
10198
9725
9302
8916
8527
8187
7798
7546
7235
6975
6752
6539
6357
6139
6063
5924
5817
5813
5843
5814
5817
5814
5830
6063
6111
6305
6497
6697
6935
7176
7528
7807
8165
8518
8902
9311
9736
10232
10719
11204
11677
12234
12797
13362
13977
14602
15174
15835
16497
17267
17949
18659
19471
20235
20974
21793
22554
23338
24139
24940
25720
26557
27346
28220
29019
29883
30695
31539
32389
33043
33910
34764
35515
36077
36813
37699
38520
39344
40127
40929
41710
42506
43280
44077
44816
45578
46289
47000
47698
48326
48973
49615
50336
50951
51557
52170
52806
53358
53880
54383
54848
55316
55745
56175
56522
56922
57257
57573
57838
58104
58340
58574
58766
58929
59090
59185
59166
59249
59427
59453
59339
59169
59193
59100
58902
58818
58594
58387
58164
57852
57620
57294
56975
56634
56260
55825
55410
54976
54513
54005
53490
52942
52321
51680
51119
50421
49775
49124
48467
47821
47139
46411
45664
44956
44234
43479
42675
41886
41072
40297
39526
38690
37872
36980
36188
35647
34953
34101
33229
32426
31538
30683
29870
28992
28212
27353
26547
25706
24926
24121
23358
22570
21766
20992
20245
19496
18666
17952
17240
16485
15836
15156
14607
13998
13367
12819
12250
11679
11213
10708
10205
9755
9308
8924
8541
8170
7812
7546
7224
6953
6748
6540
6348
6104
6073
5922
5816
5809
5806
5825
5820
5826
5864
6077
6107
6308
6488
6695
6914
7181
7481
7753
8105
8493
8869
9216
9641
10100
10596
11082
11561
12155
12685
13234
13866
14494
15043
15700
16351
17120
17798
18496
19347
20089
20838
21606
22406
23189
24011
26343
27952
25552
27486
28023
28814
29700
30527
31355
32231
33034
33919
34765
35538
36091
36840
37705
38509
39329
40154
40924
41721
42464
43264
44065
44805
45565
46252
47026
47657
48346
48975
49636
50331
50993
51566
52154
52825
53397
53900
54374
54858
55341
55749
56172
56531
56905
57243
57552
57836
58111
58331
58557
58767
58904
59039
59170
59177
59283
59429
59449
59310
59152
59171
59115
58874
58756
58587
58376
58153
57903
57621
57297
56974
56613
56224
55837
55414
54949
54480
53976
53477
52940
52293
51684
51079
50404
49741
49095
48454
47805
47135
46410
45692
44960
44219
43421
42639
41852
41030
40224
39437
38625
37866
37005
36268
35703
34971
34109
33197
32387
31515
30662
29847
28968
28179
27329
26566
25715
24938
24164
23356
22553
21771
20985
20248
19508
18672
17929
17285
16491
15822
15168
14611
14007
13378
12827
12252
11678
11213
10699
10206
9729
9318
8912
8535
8165
7814
7538
7238
6974
6765
6560
6352
6131
6091
5924
5815
5815
5814
5829
5836
5816
5863
6068
6094
6295
6484
6710
6955
7180
7493
7751
8124
8537
8913
9305
9737
10220
10722
11231
11692
12254
12811
13365
13990
14622
15170
15836
16517
17277
17954
18682
19490
20230
20976
21766
22543
23340
24118
24913
25713
26538
27361
28198
28990
29872
30677
31525
32404
33176
34086
34940
35629
36199
36985
37876
38666
39497
40282
41060
41853
42652
43418
44213
45001
45713
46425
47159
47812
48456
49110
49778
50430
51093
51651
52316
52947
53511
53997
54491
54981
55430
55820
56238
56597
56964
57259
57570
57870
58136
58376
58623
58784
58887
59083
59139
59142
59329
59441
59435
59246
59132
59136
59051
58882
58734
58548
58331
58109
57823
57534
57225
56880
56502
56163
55733
55315
54857
54358
53921
53383
52836
52141
51543
50963
50281
49627
48976
48359
47666
46999
46259
45559
44806
44069
43253
42504
41729
40929
40156
