28260
26972
24733
23431
22267
21817
21956
22316
24091
25441
26784
28725
30435
31203
32435
31952
31553
28906
27623
25820
22912
19898
18377
16656
16387
16718
16323
17685
18942
21351
22985
24664
26037
28103
28798
27892
27062
25694
24372
22726
20684
18359
16193
16061
15017
14457
15265
16478
18463
21635
23026
25821
26980
28588
30044
30293
28583
27623
26357
25029
22290
20845
19335
18550
17776
18793
20238
21286
24549
26119
28685
30830
31519
34388
35408
35535
35394
33995
32463
31162
29487
28791
27015
26661
25639
26643
27449
29524
31696
34005
35670
37797
38606
41179
42428
43225
42425
41239
40428
39602
37683
35987
35235
34536
34410
33570
35447
36547
38384
40296
42731
45186
47261
49076
49758
51017
50798
49907
47862
46043
43685
41958
41087
40254
40131
39470
40154
41829
43392
45305
47800
50130
52279
52899
53912
53822
54598
53268
50042
48813
45704
44598
43790
42272
40231
40788
41305
43220
44253
46098
47146
48983
51153
51820
52976
52945
51706
50641
49351
47126
43909
42488
40096
38107
36553
36864
37906
38973
39909
40961
42890
44474
45369
47017
46828
46782
47263
43216
41631
39140
37563
35351
32933
30615
30475
30231
30991
30152
31717
34421
34730
36237
38146
38823
39371
39306
37516
36169
34163
31758
29538
27007
24091
23148
22328
22058
21863
22354
24905
25423
27564
29436
30805
31246
31382
32332
31695
29228
27079
25673
22386
20177
18824
16591
15595
15789
15793
17436
18972
20677
22731
24293
25502
26965
27888
28454
27672
25744
24777
22999
20161
19038
17331
16441
15350
14788
15846
16790
18589
20455
22234
25319
27391
27650
29288
29264
29265
27253
26747
24473
22903
21327
19660
19388
18790
19245
19342
20549
23375
25395
27500
29704
32488
33352
34776
35024
35097
34411
33395
31639
30371
28522
26914
26370
25871
25806
26906
28951
30915
33586
35567
38208
39310
40916
41939
43553
43259
42060
42037
39306
36675
35759
34272
34035
33672
33772
34870
36767
38166
40819
43760
45894
47543
49142
49885
49818
49672
48608
48177
46893
44108
43079
40676
40388
39995
39441
40655
42327
43822
45143
47517
49716
51975
52926
54058
54503
53939
53041
51545
49136
47129
44487
42463
42376
41924
41617
41832
42140
43882
45829
47297
49624
51152
52266
52564
53078
51915
51196
49079
46695
44597
42204
40451
37910
37299
37650
36770
38493
40264
41439
42496
44195
45488
47051
47331
45859
45417
44395
42851
40231
37190
34826
32551
31844
30403
29659
29747
30938
32360
33628
34718
35746
36777
38736
39410
38951
37126
35865
33604
31731
30340
27155
24738
23205
22686
22209
22184
23398
23992
25335
27477
28775
30816
31244
32752
31806
31188
30024
27397
25300
22214
20305
18146
17204
16474
17141
15700
16895
18980
20081
22769
24585
25926
26943
27279
28000
28056
25827
23929
22145
20686
17962
17277
15172
15362
15046
15346
16918
18997
20279
24235
25469
26909
27875
28692
29581
29471
27610
25821
23709
23293
20708
19025
18171
17605
18029
20405
21940
22984
25646
28639
31016
32160
34231
34803
35493
34763
33376
32622
31006
29450
27915
26271
25855
25611
26566
27585
29061
31016
34276
36412
37814
40750
42740
42263
42141
42782
41764
41283
39027
37270
36461
35293
33825
33300
34426
34662
37215
38996
40681
44294
46081
48321
49836
49945
50054
49615
49442
47417
45444
43711
42983
41195
40774
39616
39893
40010
41572
43246
45970
48374
50061
52346
53715
54343
54600
53980
52012
50131
48166
46615
44909
42979
42320
40938
40331
41501
42585
43982
46249
47821
49830
51663
52097
52800
52763
51629
50097
47809
45460
44368
41949
39773
37997
37891
36626
37131
38871
39284
41147
43791
46237
46169
47692
47717
46268
45671
43999
41197
38244
36392
34366
32511
30519
30017
28945
30445
31105
32993
33522
34515
36881
38189
39173
39640
38304
36854
36105
33720
32468
29390
27177
24564
24029
22335
21931
22568
23189
23970
25807
27655
29467
31139
31603
31971
31458
29979
29476
27143
24213
22156
20605
19045
16797
15539
16095
16792
17726
19160
21316
22834
24609
26118
28146
27616
27857
27280
25377
23798
22513
20596
17687
16307
14733
14980
14510
15626
17080
17883
20378
22534
25465
26861
29358
28953
29896
28386
27967
26430
25292
23363
21272
19922
18447
18607
18441
19873
20903
24156
26062
28557
30571
32871
33770
34419
34910
34442
33752
32390
31964
29950
27598
26266
26290
25938
25674
26908
28101
31915
33700
36129
38386
40907
41509
43061
43412
42753
41543
40630
38424
37212
35946
34662
34079
34202
34840
35051
36447
38379
41000
43414
46139
47983
50475
49951
50613
50467
49318
47777
46070
44429
42756
40615
40310
40398
40090
41278
41195
43897
46404
48295
50180
52851
54020
54667
55235
54206
53249
51520
48696
46464
44409
42683
41630
41120
40963
42005
42789
44596
46257
47609
50098
51567
52521
53285
53118
51467
50438
48431
45505
43629
41921
39498
39225
37342
36760
38234
38701
39767
42029
43813
44111
46059
46790
47725
47560
46521
43714
41229
39565
37153
34722
33140
31698
30622
29669
30065
32040
32632
34024
35538
36975
38156
38558
39036
38855
36830
35785
33763
31311
27868
26569
24388
22993
22357
21804
21794
22775
24300
25679
27192
29115
30657
31505
32357
31975
31171
28481
27311
25532
22094
19622
18018
16539
16272
16737
16602
17798
19543
21670
23383
24790
26502
28297
28893
27519
26949
25352
24221
22199
20381
17765
16161
15898
14723
14669
15383
16586
18758
21655
23070
25815
27091
28988
30043
30083
28174
27372
26098
24619
21894
20678
19125
18353
17793
19159
20094
22171
24788
26433
29423
30881
31925
34963
35356
35619
35122
33806
31889
30978
29301
28438
26950
26287
25937
26737
27658
30048
32154
34297
36192
37974
39133
41532
42559
43240
42144
41192
40119
39311
37383
35707
34992
34681
34051
34042
35530
36969
38721
40796
43252
45543
47939
49133
50082
50978
50696
49517
47530
45549
43447
41689
40868
40190
40120
39418
40435
42135
43738
45799
48328
50602
52503
53099
54117
53807
54608
52603
49826
48260
45369
44438
43596
41746
40159
40776
41863
43326
44485
46509
47347
49586
51459
51868
53179
52740
51507
50391
49083
46494
43456
42126
39660
37590
36656
37027
38095
39154
40169
41063
43463
44670
45659
47240
46604
47097
46702
42697
41229
38845
37041
34947
32556
30376
30470
30299
30893
30161
32548
34495
35008
36535
38612
38851
39367
39120
37193
35901
33729
31347
29009
26597
23655
23038
22193
22114
21870
22647
25325
25588
27935
29804
31132
31123
31526
32387
31332
28793
26838
25061
21744
20060
18387
16263
15741
15607
16161
17606
19433
20934
23161
24547
25946
27166
27930
28570
27240
25582
24497
22491
19816
18639
17251
16095
15227
15039
15923
17176
19048
20525
23114
25669
27620
27935
29453
29364
28853
27190
26378
24124
22572
20877
19527
19364
18540
19568
19284
21026
23929
25814
27856
30253
32872
33677
34877
35030
35023
34174
33160
31292
29976
28033
26943
26149
25836
26090
27104
29430
31362
33970
36176
38310
39930
40891
42341
43608
43212
41757
41786
38649
36368
35513
34012
34123
33611
33857
35247
36997
38599
41576
44159
46214
47871
49465
49918
49815
49358
48552
48122
46233
43847
42794
40209
40453
39633
39808
40847
42605
44105
45487
48112
50054
52314
53078
54129
54576
53739
52702
51178
48664
46692
43983
42231
42455
41749
41642
41820
42476
44150
46286
47505
50173
51221
52275
52903
52803
51911
50919
48513
46422
43917
41937
39932
37527
37514
37283
37079
38941
40407
41745
42811
44545
45779
47273
47077
45812
45186
44376
42460
39675
36644
34249
32326
31495
30113
29501
30076
31096
32857
33831
35142
35863
37201
38713
39497
38614
36844
35276
33512
31279
29932
26533
24320
23119
22432
22211
22332
23592
24273
25486
27935
29185
31022
31460
32776
31459
31076
29664
26757
24842
21795
19870
17943
16909
16705
16832
15772
17215
19408
20401
23307
24818
26239
26966
27379
28226
27699
25414
23534
21808
20298
17715
16956
15106
15305
14900
15719
17220
19387
20583
24700
25505
26960
27922
28741
29857
28974
27379
25125
23768
22837
20260
18880
18057
17556
18494
20827
22040
23394
26340
29186
31088
32662
34476
34941
35448
34617
33020
32510
30500
29383
27377
26281
25516
25966
26581
27973
29361
31683
34574
36746
38374
41149
42902
42142
42169
42790
41603
40947
38703
36886
36400
35094
33468
33536
34398
34997
37863
39116
41328
44681
46708
48695
49906
50083
49991
49630
49120
47007
45178
43316
42801
41121
40489
39636
39890
40268
41888
43620
46742
48612
50310
52841
54132
54117
54827
53438
51966
49365
48021
46361
44499
42882
41950
40845
40480
41722
42979
44342
46482
48174
50346
51780
52285
52763
52817
51379
49591
47374
45083
44067
41483
39449
37793
37816
36532
37461
39099
39455
41682
44378
46375
46442
47771
47643
46037
45383
43628
40501
37836
36069
33835
32353
30227
29820
29150
30659
31394
33273
33633
34934
37094
38573
39152
39647
37985
36639
35832
33444
31979
28806
26726
24234
23871
22105
22005
22776
23121
24505
26152
27874
29969
31396
31682
31974
31107
30058
29120
26399
23942
21659
20389
18538
16380
15686
16123
17131
17873
19577
21735
23129
24934
26696
28000
27676
27953
26869
25075
23570
22255
20045
17312
15969
14693
14920
14576
15927
17234
18284
20824
23141
25874
27366
29382
29159
29673
28260
27763
26135
24888
23027
20841
19718
18298
18598
18491
20227
21508
24572
26469
29158
30950
33131
33885
34572
35070
34192
33508
32300
31699
29604
26991
26462
26156
25839
25906
27010
28777
32300
34304
36545
38800
41284
41738
43235
43468
42406
41369
40175
38232
36848
35833
34303
34330
34138
34970
35280
36811
38804
41513
44065
46369
48744
50594
49780
50896
50098
49042
47627
45681
44090
42317
40487
40356
40242
40373
41270
41438
44477
46944
48540
50850
52959
54277
54805
55167
53884
53015
50855
48398
45889
44046
42372
41584
40844
41278
41941
43078
45102
46433
48097
50439
51627
52878
53278
53106
50985
50218
47929
45052
43209
41530
39298
38845
36999
37134
38427
38727
40282
42627
43710
44412
46320
46855
47971
47385
45982
43256
40832
39313
36629
34213
33080
31227
30328
29612
30275
32165
32875
34440
35805
37391
38326
38628
39236
38486
36482
35419
33391
30422
27629
26128
24159
22572
22325
21888
21683
23228
24522
25865
27607
29468
30807
31858
32180
31972
30659
28229
26928
25083
21371
19340
17653
16511
16271
16584
16959
17888
20177
21971
23799
24963
26974
28414
28878
27281
26749
25081
23985
21738
20025
17199
16204
15732
14491
14948
15599
16811
19442
21874
23620
25976
27311
29102
30098
30140
28219
27587
26034
24009
21476
20392
18974
18146
17933
19633
20028
23113
25137
26805
29998
30862
32369
35312
35358
35685
34862
33679
31510
30692
29244
27976
27028
25893
26267
26883
27971
30563
32598
34538
36730
38079
39684
41874
42695
43136
41819
41130
39915
38925
37105
35521
34723
34796
33663
34554
35631
37372
39035
41290
43741
45796
48450
49201
50419
50861
50575
49075
47189
45002
43180
41503
40661
40112
40040
39530
40746
42443
44100
46257
48855
51109
52579
53274
54190
54003
54414
51837
49643
47611
45150
44237
43364
41215
40243
40748
42402
43510
44743
46756
47616
50086
51727
52061
53238
52506
51294
50115
48696
45827
43174
41724
39260
37140
36674
37264
38324
39344
40464
41309
43882
44823
46035
47322
46432
47357
45859
42376
40756
38607
36584
34441
32122
30317
30434
30527
30665
30273
33307
34507
35305
36861
38887
38958
39379
38801
36898
35516
33282
30932
28434
26088
23413
22854
22081
22124
21975
23092
25533
25964
28258
30127
31394
31119
31746
32327
30817
28325
26675
24394
21171
19838
17903
15972
15942
15479
16575
17834
19891
21318
23477
24725
26351
27394
27947
28552
26784
25432
24198
21882
19655
18163
17174
15795
15025
15348
16010
17504
19526
20650
23921
26075
27661
28295
29437
29490
28342
27155
25937
23812
22304
20444
19434
19344
18444
19734
19390
21540
24359
26308
28254
30817
33105
34015
34949
35101
34935
33953
32870
31113
29571
27560
26961
25982
25755
26401
27440
29853
31919
34310
36836
38368
40510
40971
42773
43531
43128
41743
41347
38046
36140
35193
33899
34168
33680
33986
35689
37191
39046
42314
44546
46567
48195
49682
49963
49882
49042
48512
48001
45549
43694
42444
40034
40498
39296
40194
41197
42882
44348
45910
48650
50545
52572
53307
54175
54590
53647
52428
50779
48255
46219
43580
42161
42500
41644
41672
41815
42843
44533
46733
47935
50686
51456
52237
53239
52535
51866
50551
48000
46168
43299
41660
39370
37312
37772
36929
37396
39405
40555
41977
43140
44799
46082
47429
46666
45818
44907
44171
41973
39104
36171
33711
32285
31226
30039
29374
30353
31184
33083
33860
35398
36023
37773
38859
39548
38353
36723
34641
33275
30937
29318
25996
23951
23132
22289
22247
22609
23686
24608
25782
28221
29647
31103
31810
32717
31268
30877
29247
26198
24215
21408
19376
17809
16629
17002
16446
15969
17563
19738
20878
23754
25076
26523
27017
27474
28365
27266
25084
23160
21463
19741
17574
16453
15161
15247
14798
16086
17640
19757
21229
25060
25685
27179
27919
29003
29756
29001
27380
25172
23843
22709
19814
18678
17885
17455
18993
21225
22202
23870
27056
29851
31161
33123
34583
35076
35252
34418
32772
32245
30070
29241
26941
26304
25286
26292
26635
28303
29690
32508
34959
36911
39018
41561
42868
42124
42231
42632
41591
40484
38384
36566
36185
34852
33208
33884
34342
35454
38392
39314
42091
44962
47223
49033
49866
50157
49890
49640
48707
46571
44954
43029
42365
41064
40171
39696
39833
40642
42214
43996
47429
48959
50619
53132
54491
54000
54903
52905
51817
48772
47682
46096
44019
42818
41551
40640
40719
41858
43295
44841
46777
48597
50827
51862
52473
52641
52650
51192
49092
46889
44759
43634
41019
39114
37739
37561
36538
37808
39216
39731
42204
44962
46303
46837
47753
47390
45932
45029
43108
39856
37485
35731
33327
32051
30111
29488
29446
30732
31759
33419
33822
35449
37281
38924
39216
39442
37685
36486
35347
33265
31379
28314
26169
24078
23535
22011
22093
22977
23066
24959
26596
28138
30341
31572
31780
31907
30735
30091
28754
25665
23666
21275
20217
18005
15964
15852
16187
17369
18104
19996
22067
23482
25175
27289
27778
27720
27969
26445
24746
23326
21926
19410
17033
15575
14798
14790
14774
16251
17313
18818
21231
23756
26149
27982
29215
29444
29302
28215
27464
25980
24460
22644
20517
19435
18302
18556
18652
20387
22229
24939
26874
29671
31444
33289
33985
34644
35078
34027
33172
32232
31286
29222
26523
26563
26066
25695
26206
27144
29598
32511
34885
36985
39250
41441
42082
43246
43408
42145
41226
39630
38030
36483
35648
34012
34500
34187
34970
35526
37158
39278
41959
44697
46570
49441
50530
49766
51036
49816
48648
47386
45342
43759
41804
40409
40444
40059
40682
41205
41904
44908
47408
48786
51558
53116
54444
54953
55030
53695
52757
50182
48090
45455
43671
42073
41585
40664
41658
42008
43357
45549
46591
48663
50742
51651
53103
53180
52888
50662
49824
47341
44715
42839
41011
39339
38406
36680
37478
38551
38813
40704
43179
43696
44830
46530
46943
48095
47302
45312
42807
40454
38914
36128
33713
32924
30981
30086
29751
30747
32295
33146
34767
35919
37576
38331
38612
39391
38154
36340
35069
33144
29564
27451
25617
23968
22285
22188
22020
21751
23655
24844
26120
27981
29802
30896
32166
32006
31946
30078
28034
26521
24514
20752
19045
17261
16553
16395
16355
17279
18092
20666
22267
24169
25219
27434
28496
28647
27173
26450
24834
23673
21349
19532
16691
16200
15519
14296
15114
15858
17124
20190
22089
24333
26088
27565
29485
30117
29802
27950
27158
25858
24016
21491
20396
19090
17938
18140
19948
20073
23757
25489
27350
30511
31025
33020
35474
35417
35650
34491
33379
31257
30252
29164
27540
27036
25616
26501
27072
28405
30962
33103
34816
37141
38153
40271
42127
42902
42908
41534
40973
39820
38484
36779
35451
34553
34824
33385
34970
35847
37761
39432
41771
44289
46157
48827
49357
50784
50812
50424
48561
46826
44435
42809
41436
40463
40081
39832
39676
41091
42708
44428
46746
49312
51603
52648
53469
54142
54246
54118
51067
49480
46884
44938
44068
43051
40764
40432
40739
42825
43755
45108
46883
47940
50510
51841
52322
53171
52214
51106
49823
48220
45130
42936
41191
38926
36762
36733
37517
38551
39532
40677
41733
44187
44969
46384
47247
46405
47568
44924
42140
40164
38331
36114
33904
31579
30325
30317
30768
30428
30544
33886
34518
35636
37221
38959
39156
39396
38361
36616
35128
32771
30500
27876
25416
23276
22674
22021
22030
22070
23680
25540
26494
28610
30292
31475
31160
31982
32179
30291
27872
26468
23694
20684
19582
17418
15746
16002
15447
16952
18122
20260
21775
23757
24934
26641
27639
28073
28366
26344
25261
23835
21264
19524
17750
16998
15572
14806
15613
16186
17856
19973
20922
24564
26555
27636
28695
29368
29616
27873
27122
25421
23545
22035
20109
19402
19254
18552
19687
19682
22105
24714
26759
28657
31385
33195
34352
34966
35159
34780
33758
32483
30951
29194
27187
26867
25932
25657
26674
27861
30209
32553
34631
37452
38491
40804
41192
43090
43411
42875
41880
40698
37501
36045
34853
33829
34068
33769
34181
36123
37463
39532
42907
45023
46859
48436
49806
49948
49922
48788
48372
47790
44899
43485
41898
40056
40441
39113
40403
41585
43160
44561
46369
49042
51025
52678
53565
54197
54401
53506
52102
50208
47853
45649
43137
42130
42375
41593
41727
41817
43207
44891
46959
48441
50928
51759
52185
53301
52189
51715
50117
47472
45781
42813
41315
38802
37137
37888
36662
37734
39812
40786
42139
43510
45041
46403
47516
46345
45798
44665
43808
41441
38468
35707
33159
32179
30897
29937
29380
30669
31599
33387
34079
35552
36131
38188
38843
39303
37873
36564
34158
32918
30820
28657
25565
23587
23031
22136
22156
22893
23750
24944
26285
28406
30120
31106
32160
32470
31194
30591
28689
25883
23512
21071
18888
17657
16410
17219
16057
16254
17971
19893
21504
24098
25355
26768
27095
27634
28381
26768
24730
22854
21269
19130
17540
15952
15300
15182
14840
16397
18036
19957
22122
25266
26017
27453
28035
29276
29848
28487
27126
24477
23856
22350
19880
18707
17913
17433
19317
21507
22335
24324
27579
30406
31364
33630
34759
35324
35126
34135
32637
31868
29690
28872
26564
26254
25175
26518
26856
28568
30059
33242
35419
37072
39647
41972
42701
42124
42388
42352
41574
39946
38066
36432
35913
34573
33110
34141
34311
35986
38768
39664
42922
45222
47671
49418
49864
50195
49813
49702
48282
46156
44649
42948
41875
41047
39911
39808
39806
40990
42569
44506
47922
49372
51090
53274
54656
54090
54758
52475
51476
48424
47276
45777
43599
42795
41271
40484
41029
42037
43560
45404
47059
48993
51189
51931
52696
52659
52364
50903
48638
46434
44614
43111
40593
38746
37817
37241
36676
38193
39233
40179
42743
45492
46160
47288
47785
47022
45926
44655
42544
39286
37130
35345
32955
31592
30087
29188
29831
30851
32172
33479
34015
36030
37504
39138
39333
39107
37386
36381
34794
33091
30717
27900
25612
24056
23085
21968
22220
23141
23191
25304
27034
28497
30622
31619
31878
31853
30349
30002
28318
25014
23232
21005
19920
17588
15652
15971
16323
17543
18403
20441
22344
23881
25393
27814
27628
27736
27887
26059
24405
23077
21562
18790
16816
15204
14906
14655
15044
16569
17410
19372
21606
24386
26318
28627
29032
29746
28929
28141
27112
25839
24052
22182
20271
19065
18416
18504
18950
20444
23025
25319
27354
30041
31983
33432
34091
34691
34947
33956
32819
32163
30835
28746
26231
26544
26033
25581
26500
27292
30472
32763
35355
37461
39760
41444
42464
43238
43289
41920
41097
39099
37823
36198
35329
33846
34502
34399
34956
35862
37547
39815
42402
45285
46873
49941
50366
49944
51000
49591
48212
46958
45038
43442
41301
40346
40504
39913
40969
41104
42552
45356
47751
49115
52169
53330
54539
55089
54822
53505
52409
49521
47625
45073
43336
41856
41466
40580
41903
42178
43691
45882
46855
49208
51104
51864
53269
53134
52558
50548
49361
46697
44398
42535
40453
39421
38011
36513
37790
38654
38991
41112
43586
43693
45254
46648
47148
48017
47141
44685
42295
40129
38398
35675
33357
32621
30803
29814
29788
31207
32337
33450
35101
36276
37866
38415
38644
39250
37626
36064
34532
32707
28869
27312
25197
23764
22210
21933
22004
21930
23873
25127
26395
28371
30146
31004
32397
31943
31807
29467
27848
26146
23741
20256
18730
16906
16514
16613
16243
17538
18425
21054
22611
24472
25613
27811
28618
28287
27093
26085
24618
23275
20989
18986
16374
16167
15299
14319
15207
16110
17529
20814
22311
24971
26305
27845
29804
30232
29457
27835
26883
25592
23392
21171
20055
18864
17949
18149
19976
20096
24048
26043
27936
30693
31201
33677
35472
35519
35626
34256
33029
31218
29805
29011
27138
26875
25489
26617
27307
28967
31340
33606
35191
37533
38289
40771
42312
43094
42696
41335
40734
39753
38031
36393
35381
34482
34708
33348
35290
36178
38084
39844
42278
44793
46648
49053
49529
50959
50830
50241
48192
46446
43995
42372
41312
40393
40117
39637
39865
41463
43050
44850
47237
49720
52039
52751
53675
53951
54523
53739
50466
49238
46263
44779
43916
42687
40417
40612
40907
43078
44017
45611
46972
48429
50827
51836
52684
53107
51925
50889
49587
47683
44500
42784
40672
38541
36550
36764
37703
38762
39739
40804
42223
44329
45128
46714
47087
46515
47542
43993
41926
39622
37987
35707
33406
31063
30423
30240
30965
30268
31039
34251
34610
35990
37687
38906
39313
39393
37952
36397
34638
32290
30056
27409
24744
23245
22483
22032
21928
22181
24317
25461
27059
29011
30510
31418
31279
32238
31991
29744
27471
26159
23047
20372
19249
16990
15593
15949
15557
17228
18520
20467
22270
24082
25204
26827
27837
28259
28073
26002
25032
23436
20635
19337
17463
16755
15463
14734
15790
16461
18187
20275
21472
24991
27000
27563
29058
29288
29536
27490
27005
24907
23222
21727
19843
19392
19047
18842
19515
20084
22758
25020
27138
29161
31957
33260
34626
35000
35153
34623
33568
32050
30709
28870
26953
26625
25925
25626
26790
28406
30514
33126
35046
37940
38824
40934
41540
43399
43269
42467
42005
40017
37048
35942
34550
33916
33855
33794
34484
36477
37779
40124
43397
45479
47216
48799
49860
49882
49847
48659
48285
47427
44456
43267
41254
40198
40324
39146
40526
41980
43507
44818
46907
49398
51556
52827
53858
54334
54181
53328
51844
49668
47498
45060
42776
42259
42170
41616
41797
41930
43561
45379
47125
49020
51078
52059
52301
53267
52022
51510
49635
47068
45262
42467
40919
38303
37166
37856
36652
38077
40094
41091
42299
43859
45254
46773
47492
46063
45679
44538
43364
40892
37870
35314
32750
32028
30629
29779
29516
30840
31946
33553
34397
35708
36468
38590
39159
39140
37436
36258
33732
32255
30563
27887
25197
23403
22948
22175
22169
23172
23810
25140
26845
28496
30512
31141
32529
32189
31229
30339
28075
25602
22805
20703
18472
17460
16362
17292
15796
16580
18459
19974
22172
24374
25617
26907
27176
27806
28318
26282
24360
22529
21012
18520
17491
15508
15394
15131
15041
16678
18505
20079
23084
25316
26336
27682
28176
29411
29914
28129
26844
24006
23815
21754
19505
18529
17807
17490
19526
21512
22356
24355
27653
30692
31784
33917
34740
35432
34922
33820
32694
31523
29582
28468
26369
26095
25246
26547
27179
28802
30479
33877
35957
37358
40220
42405
42460
42133
42585
42014
41512
39472
37695
36403
35566
34225
33122
34363
34398
36583
38914
40087
43658
45572
47989
49688
49891
50131
49715
49672
47795
45771
44210
43012
41506
40936
39685
39879
39860
41290
42914
45176
48200
49778
51730
53455
54586
54335
54443
52173
50869
48287
46923
45382
43232
42620
41069
40370
41306
42268
43745
45880
47446
49403
51481
51999
52804
52720
51999
50550
48228
45950
44503
42484
40152
38382
37934
36948
36879
38571
39226
40653
43271
45952
46099
47573
47805
46616
45836
44342
41898
38716
36769
34877
32705
31052
30112
28986
30191
30943
32647
33485
34245
36523
37773
39168
39501
38678
37120
36286
34210
32840
30047
27553
25046
24106
22656
21936
22397
23220
23502
25577
27398
28972
30892
31621
31957
31714
30095
29794
27791
24550
22710
20815
19541
17206
15502
16065
16532
17633
18771
20898
22611
24295
25705
28112
27604
27782
27636
25717
24085
22786
21120
18185
16603
14903
14983
14540
15327
16876
17585
19913
22040
24954
26538
29100
28921
29927
28616
28091
26709
25628
23698
21728
20101
18715
18526
18464
19423
20574
23673
25700
27907
30312
32478
33616
34244
34806
34747
33892
32571
32102
30389
28207
26177
26441
26007
25567
26758
27625
31272
33158
35776
37970
40361
41447
42840
43339
43012
41733
40953
38681
37547
36043
35008
33886
34363
34650
34970
36164
37958
40420
42873
45769
47352
50311
50186
50323
50808
49482
47933
46556
44695
43118
40918
40331
40495
39914
41197
41090
43273
45893
48049
49583
52583
53630
54575
55229
54510
53411
52026
49058
47044
44719
43015
41712
41323
40668
42023
42447
44084
46104
47177
49685
51355
52135
53315
53137
52051
50531
48917
46058
44057
42244
39894
39424
37674
36550
38031
38692
39362
41522
43786
43856
45670
46722
47424
47804
46914
44167
41790
39880
37829
35218
33190
32160
30727
29658
29886
31649
32439
33741
35395
36627
38052
38536
38834
39135
37248
35975
34093
32073
28213
26963
24699
23412
22285
21836
21994
22335
24118
25450
26800
28705
30392
31184
32420
31941
31584
28932
27643
25840
22914
19902
18353
16651
16393
16773
16340
17692
18952
21376
23027
24684
26063
28118
28800
27894
27085
25693
24427
22769
20729
18393
16203
16066
15033
14464
15276
16348
18072
21307
22616
25510
26629
28146
29949
30273
29031
27750
26623
25346
22819
21025
19683
18740
17797
18421
20164
20480
24226
25835
27971
30749
31216
33696
35348
35505
35358
33961
32440
31174
29551
28850
27034
26655
25632
26643
27451
29511
31700
33980
35690
37818
38660
41232
42472
43258
42447
41234
40435
39610
37696
35998
35266
34544
34447
33606
35444
36546
38401
40318
42771
45245
47270
49099
49769
51026
50807
49920
47868
46061
43696
41988
41118
40236
40165
39462
40150
41819
43428
45335
47818
50167
52359
52924
53945
53835
54654
53238
50003
48832
45750
44613
43778
42266
40216
40733
41301
43224
44273
46126
47165
49011
51173
51824
52968
52971
51716
50671
49358
47126
43940
42521
40157
38112
36568
36855
37925
39001
39946
40928
42896
44491
45356
47053
46854
46777
47293
43224
41672
39195
37562
35372
32993
30640
30477
30222
31018
30162
31720
34418
34769
36278
38186
38849
39371
39329
37535
36152
34183
31800
29551
27012
24114
23158
22348
22062
21862
22363
24901
25414
27565
29483
30832
31268
31407
32375
31699
29231
27088
25671
22394
20198
18847
16592
15612
15786
15792
17441
18964
20685
22738
24331
25540
26995
27918
28477
27680
25725
24785
22991
20152
19045
17333
16427
15370
14832
15857
16800
18576
20452
22245
25343
27407
27661
29296
29270
29262
27224
26760
24479
22912
21355
19664
19376
18787
19245
19338
20529
23376
25401
27506
29693
32490
33402
34797
35035
35077
34419
33363
31628
30381
28501
26902
26355
25885
25794
26898
28940
30920
33622
35575
38179
39332
40906
41946
43585
43243
42029
42045
39319
36660
35738
34234
34045
33678
33827
34842
36769
38174
40820
43798
45872
47559
49150
49868
49818
49647
48625
48150
46843
44083
43084
40660
40369
40020
39447
40628
42338
43860
45137
47513
49724
52015
52948
54018
54490
53932
53047
51563
49130
47118
44500
42469
42377
41963
41641
41831
42169
43876
45863
47304
49650
51180
52254
52570
53091
51935
51214
49067
46712
44621
42210
40467
37886
37279
37630
36766
38483
40294
41448
42513
44211
45480
47041
47322
45890
45480
44483
42890
40278
37226
34816
32482
31796
30362
29634
29751
30944
32391
33692
34732
35760
36812
38732
39388
38900
37090
35875
33640
31737
30326
27154
24711
23180
22652
22175
22171
23420
24021
25384
27518
28810
30824
31208
32718
31762
31153
29982
27394
25335
22232
20304
18150
17207
16453
17140
15703
16889
18942
20090
22798
24626
25923
26962
27283
28028
28053
25811
23928
22175
20708
18005
17300
15212
15378
15036
15361
16929
18987
20253
23999
25353
26638
27817
28405
29514
29792
27781
26391
23748
23653
21224
19261
18374
17728
17702
19948
21722
22573
24894
28084
30797
31705
33935
34716
35364
35552
33407
32564
30944
29419
27903
26306
25889
25632
26617
27608
29090
31013
34225
36386
37767
40702
42699
42252
42114
42759
41752
41309
39031
37272
36474
35308
33818
33275
34430
34654
37236
39022
40652
44267
46108
48311
49849
49950
50078
49635
49431
47407
45429
43722
42968
41199
40769
39592
39895
40003
41576
43247
45935
48371
50090
52347
53709
54338
54578
53947
52005
50096
48183
46632
44909
42984
42322
40925
40340
41543
42617
43962
46234
47811
49846
51649
52094
52812
52771
51625
50074
47847
45493
44341
41949
39787
38011
37932
36671
37134
38864
39265
41180
43830
46244
46143
47694
47729
46251
45681
43992
41197
38246
36406
34381
32526
30550
30019
28960
30460
31102
32980
33519
34515
36900
38162
39171
39656
38299
36837
36097
33719
32487
29405
27168
24575
24040
22301
21940
22573
23191
23981
25809
27672
29512
31129
31624
31966
31454
30004
29477
27158
24204
22145
20661
19045
16800
15534
16086
16796
17726
19131
21303
22843
24641
26125
28149
27620
27847
27289
25384
23786
22528
20602
17673
16292
14727
14990
14510
15625
17082
17882
20411
22566
25502
26868
29360
28964
29891
28386
27945
26385
25308
23375
21249
19915
18444
18610
18430
19863
20912
24153
26076
28540
30540
32841
33760
34420
34914
34429
33757
32382
31939
29951
27588
26283
26274
25954
25678
26908
28097
31884
33692
36137
38394
40873
41519
43062
43393
42713
41531
40651
38388
37188
35928
34660
34097
34208
34833
35064
36477
38376
41011
43414
46088
48004
50509
49927
50661
50483
49334
47785
46081
44427
42740
40617
40313
40407
40078
41257
41167
43927
46402
48277
50170
52797
53993
54658
55204
54171
53216
51518
48695
46408
44395
42697
41625
41105
40932
41979
42743
44564
46279
47596
50093
51564
52510
53270
53095
51442
50453
48450
45507
43615
41902
39475
39200
37338
36784
38239
38702
39801
42033
43800
44115
46054
46779
47746
47571
46522
43698
41276
39615
37199
34734
33141
31654
30573
29614
30022
32004
32621
34053
35573
36993
38204
38573
39020
38846
36838
35743
33731
31288
27864
26577
24398
22989
22359
21780
21772
22744
24256
25667
27223
29128
30703
31526
32343
31952
31154
28458
27282
25497
22070
19618
18028
16539
16281
16750
16599
17792
19575
21672
23381
24786
26500
28305
28904
27535
26941
25346
24207
22221
20409
17770
16168
15917
14741
14655
15398
16581
18730
21643
23057
25847
26976
28563
29987
30222
28565
27586
26353
25043
22280
20842
19352
18560
17747
18780
20216
21273
24513
26118
28658
30800
31491
34383
35384
35548
35416
34009
32419
30894
29292
28404
26973
26281
25926
26754
27698
30122
32131
34319
36193
37968
39119
41566
42556
43245
42134
41226
40152
39334
37404
35701
34987
34678
34061
34014
35513
36959
38753
40786
43243
45549
47928
49126
50064
50971
50723
49493
47547
45566
43445
41679
40886
40171
40127
39428
40417
42145
43742
45769
48354
50633
52529
53105
54094
53816
54603
52591
49787
48265
45367
44446
43574
41746
40152
40772
41823
43331
44459
46503
47342
49576
51474
51878
53136
52759
51519
50402
49078
46488
43492
42139
39668
37632
36651
37048
38110
39180
40176
41052
43471
44641
45621
47212
46618
47102
46711
42707
41278
38849
37047
34945
32547
30379
30472
30325
30872
30171
32542
34506
35006
36568
38602
38857
39372
39129
37190
35897
33726
31346
29002
26600
23667
23032
22201
22127
21889
22662
25319
25600
27951
29788
31133
31129
31537
32407
31311
28791
26832
25043
21741
20019
18384
16262
15738
15590
16153
17602
19459
20947
23128
24524
25946
27145
27908
28577
27235
25558
24486
22483
19821
18611
17253
16078
15225
15055
15906
17182
19059
20523
23127
25676
27620
27905
29436
29377
28863
27184
26417
24124
22586
20909
19526
19367
18552
19558
19288
21013
23933
25844
27871
30253
32871
33684
34897
35068
35025
34178
33169
31307
29962
28031
26926
26135
25843
26099
27083
29420
31374
33975
36179
38362
39983
40880
42356
43610
43200
41764
41808
38658
36384
35489
34024
34151
33650
33872
35271
36993
38572
41602
44144
46237
47916
49473
49923
49821
49360
48562
48095
46245
43867
42817
40235
40462
39662
39840
40831
42620
44130
45501
48112
50080
52335
53094
54105
54599
53732
52723
51211
48665
46721
43985
42232
42489
41734
41616
41829
42471
44193
46334
47555
50177
51247
52299
52942
52812
51918
50904
48477
46446
43907
41948
39932
37543
37540
37284
37065
38942
40411
41743
42793
44514
45763
47270
47079
45809
45216
44373
42428
39663
36659
34259
32370
31527
30177
29504
30081
31043
32773
33748
35106
35863
37234
38743
39533
38654
36856
35284
33522
31268
29901
26520
24335
23156
22476
22245
22348
23556
24241
25473
27889
29161
31045
31501
32847
31537
31109
29685
26722
24815
21756
19829
17914
16893
16725
16832
15774
17214
19416
20377
23281
24786
26234
27003
27414
28224
27713
25445
23544
21823
20267
17696
16970
15109
15302
14900
15738
17245
19439
20599
24700
25500
26945
27894
28722
29587
29448
27557
25783
23684
23291
20697
19039
18173
17626
18047
20427
21909
22963
25619
28594
30978
32134
34185
34740
35495
34797
33399
32639
31004
29418
27016
26267
25508
25957
26570
27981
29403
31774
34617
36739
38414
41179
42900
42104
42130
42769
41619
40951
38711
36883
36414
35077
33470
33536
34421
34993
37865
39101
41323
44697
46695
48669
49879
50067
49973
49588
49083
47000
45195
43273
42718
41108
40479
39654
39909
40270
41890
43578
46743
48644
50320
52855
54145
54099
54807
53433
51965
49357
48018
46351
44472
42842
41921
40822
40462
41728
42979
44348
46507
48203
50335
51772
52255
52761
52809
51363
49564
47364
45066
44055
41467
39434
37779
37796
36530
37438
39095
39451
41677
44366
46354
46455
47751
47621
46038
45391
43649
40520
37846
36086
33852
32348
30178
29812
29125
30644
31431
33288
33631
34914
37098
38577
39136
39627
37952
36637
35826
33422
31969
28815
26717
24215
23857
22123
21986
22766
23094
24492
26168
27878
29977
31382
31673
31980
31110
30063
29113
26407
23946
21675
20441
18537
16386
15686
16117
17105
17876
19568
21750
23134
24926
26713
28006
27683
27938
26875
25045
23537
22238
20016
17301
15958
14704
14892
14558
15927
17233
18296
20839
23128
25883
27386
29374
29172
29644
28279
27774
26167
24903
23039
20860
19708
18302
18600
18475
20225
21519
24555
26453
29164
30936
33104
33881
34538
35032
34180
33500
32289
31676
29566
26982
26456
26154
25858
25930
27013
28755
32263
34321
36527
38806
41299
41735
43198
43464
42422
41368
40175
38217
36831
35824
34315
34334
34100
34957
35267
36808
38811
41519
44083
46383
48760
50610
49799
50893
50109
49042
47603
45669
44116
42333
40481
40375
40246
40373
41292
41461
44474
46920
48521
50863
52987
54272
54803
55158
53877
53000
50844
48431
45890
44030
42363
41607
40853
41298
41952
43055
45066
46411
48110
50442
51587
52858
53263
53052
50912
50161
47916
45047
43244
41506
39306
38831
36983
37114
38418
38722
40276
42600
43716
44399
46342
46819
47991
47352
45951
43248
40806
39286
36597
34218
33088
31271
30373
29672
30301
32183
32852
34412
35733
37332
38279
38584
39223
38457
36494
35427
33408
30426
27615
26102
24134
22545
22338
21920
21710
23226
24495
25857
27578
29424
30757
31832
32164
32004
30704
28234
26945
25083
21340
19312
17631
16531
16249
16564
16949
17905
20171
21961
23790
24961
26975
28399
28864
27272
26760
25074
23984
21730
20003
17182
16202
15737
14482
14933
15601
16808
19457
21873
23642
25991
27316
29088
30027
30096
28213
27411
26077
24570
21839
20649
19124
18343
17803
19190
20111
22198
24806
26440
29393
30849
31901
34943
35309
35550
35078
33811
31905
31036
29343
28445
26993
25905
26145
26866
27934
30533
32577
34537
36763
38125
39756
41884
42707
43119
41764
41106
39902
38910
37101
35560
34747
34817
33640
34555
35646
37387
39070
41269
43750
45797
48480
49238
50452
50881
50583
49020
47150
45022
43205
41556
40667
40100
40034
39527
40753
42438
44080
46239
48852
51151
52597
53296
54203
53982
54447
51834
49658
47584
45133
44260
43366
41202
40236
40740
42360
43500
44738
46764
47611
50085
51718
52051
53233
52492
51320
50122
48693
45848
43167
41714
39253
37129
36701
37251
38321
39323
40451
41287
43885
44811
45999
47290
46414
47363
45829
42358
40737
38583
36537
34440
32085
30282
30416
30518
30647
30270
33273
34525
35295
36857
38890
38956
39373
38769
36869
35547
33244
30930
28415
26072
23398
22839
22079
22115
21983
23089
25502
25960
28269
30090
31389
31084
31728
32297
30822
28322
26630
24350
21158
19837
17908
15959
15878
15469
16578
17809
19886
21313
23458
24717
26344
27421
27962
28554
26773
25410
24172
21900
19640
18182
17182
15794
15014
15341
16010
17519
19540
20643
23922
26075
27687
28287
29419
29516
28341
27153
25941
23797
22274
20436
19432
19328
18444
19708
19393
21540
24370
26302
28235
30815
33086
34030
34953
35121
34897
33947
32875
31095
29565
27557
26942
25973
25726
26421
27436
29844
31933
34297
36848
38338
40466
40935
42724
43514
43100
41720
41319
38051
36155
35195
33880
34161
33641
33929
35687
37184
39030
42312
44544
46527
48144
49678
49943
49864
49022
48481
48014
45536
43674
42432
40044
40486
39302
40163
41170
42859
44350
45901
48640
50501
52532
53292
54125
54569
53620
52382
50743
48221
46186
43542
42154
42465
41623
41642
41794
42835
44484
46662
47906
50617
51409
52197
53171
52473
51821
50482
47942
46155
43286
41638
39360
37277
37723
36909
37392
39384
40542
41953
43124
44801
46054
47392
46675
45773
44874
44140
41951
39081
36122
33670
32274
31233
30030
29378
30380
31215
33105
33870
35413
35978
37714
38774
39489
38305
36710
34628
33306
30955
29325
26024
23942
23097
22253
22222
22571
23688
24607
25777
28225
29606
31050
31727
32646
31227
30865
29248
26255
24240
21421
19361
17768
16611
16969
16424
15965
17545
19738
20894
23732
25083
26550
27007
27468
28345
27249
25062
23148
21491
19713
17571
16462
15169
15230
14804
16075
17609
19741
21235
25097
25722
27205
27949
29014
29726
28983
27353
25117
23759
22807
20207
18833
18012
17505
18494
20827
22058
23385
26345
29172
31077
32634
34440
34919
35413
34607
32929
32421
30447
29358
27379
26301
25555
25989
26678
28320
29656
32480
34903
36864
39019
41630
42930
42150
42242
42616
41564
40435
38366
36544
36167
34853
33232
33857
34329
35474
38379
39281
42071
44933
47188
49014
49839
50163
49884
49627
48701
46574
44953
43005
42343
41055
40158
39703
39836
40649
42223
43996
47423
48970
50606
53169
54487
53993
54878
52911
51790
48756
47697
46093
44021
42831
41543
40659
40691
41849
43273
44841
46771
48557
50790
51853
52465
52647
52637
51170
49063
46871
44760
43583
40995
39083
37743
37542
36533
37807
39206
39717
42196
44922
46294
46862
47726
47371
45907
45035
43153
39847
37459
35736
33347
32036
30085
29487
29419
30731
31737
33403
33787
35429
37257
38869
39159
39421
37655
36472
35333
33208
31343
28293
26185
24060
23511
21998
22087
22956
23052
24943
26570
28120
30304
31547
31740
31926
30706
30035
28730
25655
23636
21266
20204
18021
15930
15839
16178
17352
18096
19998
22057
23481
25160
27287
27772
27692
27961
26421
24709
23295
21904
19403
17034
15563
14773
14782
14764
16212
17290
18782
21180
23717
26153
27983
29203
29415
29284
28170
27446
25979
24445
22641
20516
19420
18302
18545
18624
20356
22256
24935
26848
29637
31399
33268
33982
34636
35090
34017
33144
32235
31290
29202
26511
26546
26073
25684
26183
27140
29579
32477
34880
36974
39225
41426
42086
43275
43421
42145
41230
39622
38006
36464
35611
34010
34510
34196
34950
35529
37147
39239
41938
44660
46572
49446
50557
49797
50987
49799
48637
47333
45320
43740
41787
40376
40424
40019
40673
41180
41913
44922
47400
48826
51546
53072
54458
54952
55018
53654
52751
50153
48081
45458
43651
42070
41532
40617
41650
41981
43323
45523
46601
48668
50769
51686
53111
53190
52893
50669
49832
47331
44715
42802
41024
39347
38403
36679
37479
38558
38798
40693
43168
43653
44811
46525
46946
48075
47247
45333
42808
40430
38902
36111
33701
32930
30968
30089
29733
30748
32292
33158
34760
35959
37609
38329
38594
39322
38073
36244
35029
33100
29559
27454
25614
23949
22268
22169
21997
21727
23623
24808
26092
27987
29807
30879
32156
31981
31893
30018
27992
26478
24502
20775
19079
17291
16557
16402
16343
17262
18051
20626
22265
24170
25215
27433
28487
28654
27139
26454
24813
23646
21311
19534
16686
16202
15508
14320
15107
15858
17115
20173
22070
24324
26127
27583
29470
30109
29843
27975
27147
25851
24030
21505
20398
18962
18141
17919
19583
20007
23079
25144
26825
30006
30848
32375
35320
35365
35653
34847
33653
31463
30627
29177
27926
26987
25892
26279
26894
27978
30529
32887
34736
37126
38139
40248
42093
42927
42968
41589
41049
39842
38449
36745
35414
34516
34774
33391
35015
35858
37772
39442
41786
44320
46170
48841
49337
50751
50827
50449
48563
46802
44468
42811
41434
40503
40087
39810
39674
41087
42729
44440
46723
49280
51609
52641
53452
54117
54291
54122
51075
49488
46891
44942
44080
43078
40752
40433
40746
42829
43765
45099
46875
47937
50505
51839
52339
53207
52203
51107
49848
48244
45150
42956
41200
38878
36726
36718
37485
38552
39535
40664
41676
44167
44930
46385
47286
46391
47557
44882
42161
40151
38336
36118
33907
31601
30345
30352
30786
30443
30551
33887
34549
35637
37228
38969
39173
39389
38366
36605
35111
32780
30457
27845
25434
23295
22663
22026
22016
22083
23682
25508
26496
28604
30285
31489
31145
31975
32145
30285
27894
26478
23685
20676
19581
17428
15714
16016
15447
16959
18124
20242
21757
23786
24921
26651
27653
28086
28366
26354
25251
23821
21256
19509
17752
17022
15574
14808
15619
16203
17843
19960
20929
24547
26536
27629
28700
29369
29596
27830
27091
25415
23535
22018
20100
19398
19235
18544
19694
19683
22107
24683
