56170
56750
55863
55697
56026
58146
57938
56076
58530
58119
58750
60224
58704
59463
59437
60398
58856
60642
60453
59949
61375
63129
62234
61625
56081
12707
10440
10772
9316
11201
11692
10145
9245
9919
11843
12119
12531
11357
12526
13114
14326
14591
13637
14349
14907
14521
14639
15276
15368
16453
17341
14990
15429
15948
16487
17416
19083
18646
16682
17316
17805
19343
18711
18840
20058
20667
20028
20485
20405
19205
21159
21883
21484
22058
23306
22514
23332
22675
23257
23718
23867
24104
23748
25001
25702
25906
26650
26091
25573
26055
26085
26676
27143
27943
26974
27938
28399
27556
28671
29538
29352
28532
30651
30504
29928
31478
31078
31458
31151
31173
30647
32427
33294
32966
33845
34645
33419
33628
34856
34291
33851
34321
34597
34648
35912
36100
35656
36032
36638
37913
36775
37532
36889
37819
39422
39179
39844
39197
38163
38995
38807
41215
40281
41070
40761
41527
40897
41199
41237
41603
41354
42301
42042
43394
42408
43396
43891
44475
44632
44465
43565
45395
45874
45844
46033
47744
46823
47048
47505
47599
47128
47644
48325
47391
49246
49302
49376
49205
49597
49986
49382
49926
51231
50203
51043
52656
53104
52638
52906
52379
54002
53659
53084
54225
54705
54617
54654
55734
56285
55022
56002
55593
55882
56585
56931
56448
56678
57590
58291
58990
58868
60154
60702
57572
59664
58844
60386
59592
60474
60881
60530
61463
61896
61187
60254
21822
9111
9532
11341
10478
8831
10727
9870
11155
11985
10709
12850
13249
12568
12875
11932
13459
13502
14419
14661
13099
14322
15410
15506
15170
14950
16395
16585
17305
16581
17547
18172
18828
18265
17647
19081
18434
20005
19667
20237
20523
19545
20486
20363
19379
21618
22103
20531
22440
21562
22727
22568
23608
24570
24239
24289
24188
23316
25299
25112
25362
25797
26182
24762
26387
27369
26862
28420
26374
26809
27527
27721
30205
29090
29050
29887
28796
28662
30674
31230
29490
30972
30875
31173
31101
32614
31401
33016
33346
33545
34099
33188
32392
35323
35410
35187
35713
34980
36480
35795
35732
36077
35460
37041
37144
36566
37553
36406
36365
39354
39102
38834
38843
39197
39253
39562
40100
38762
39342
40771
40499
39653
40650
42762
42009
43225
42817
42457
42409
42471
42328
43535
44282
44176
45032
44685
46164
47427
45618
46551
45359
46164
46394
46847
47300
46372
47183
47193
49289
48754
49223
49947
49164
51092
52317
51930
50875
51320
51284
50489
50721
52679
52653
51535
51811
53404
53466
53061
54842
53989
54873
55309
55279
55071
56657
54975
55181
56900
55935
56569
58360
59172
57066
56794
57886
57154
59479
59124
60781
60958
59767
60686
60539
61253
60281
61533
60712
61335
61682
59038
13104
9407
10467
10444
11058
10320
11859
10560
11235
11022
11584
12146
11811
12235
11868
13719
13586
14225
14227
14953
16171
14474
15606
15154
15377
15292
16376
16999
16028
16667
17087
18133
17874
18747
17993
17550
18529
18308
18492
19814
19377
20228
19275
19204
20502
20402
21849
21836
22494
21862
21259
21114
22504
23977
23782
24490
23480
23775
25737
25515
25044
26286
26239
25468
26758
26431
27232
26268
27505
27295
26873
28670
28205
28802
30598
30730
30857
30707
30677
29218
31049
31168
31563
30362
31091
32434
30680
32646
33081
32743
33792
34726
33670
34123
34260
34858
34648
34979
35229
34602
36268
36563
35280
36746
37253
35861
37133
38360
38643
37812
38377
37695
39636
39352
40047
41942
40707
39437
40863
42148
41075
41098
42563
40751
42704
43212
43120
44182
44778
42775
44000
42892
44543
46121
45581
45262
44458
46313
45569
45350
46998
48358
46881
47536
47159
48776
49139
49930
47514
49058
48805
50283
49183
49617
49393
51377
51564
51613
51701
50644
51805
52842
51593
51867
53232
53821
53970
53810
53539
54436
55501
54098
53482
55175
54556
55139
56648
56986
57428
57305
57670
57882
57906
57935
58836
58474
58043
58976
59681
59842
59701
60448
61526
61425
61926
61175
62065
62383
62400
57652
13370
8470
8899
8895
9229
10671
10773
11662
11035
11182
11681
12723
11607
13504
13716
12830
12180
13314
14569
13707
14627
14161
15922
14291
16528
17095
16132
15510
18065
17853
17805
17446
18291
18871
18355
18911
19314
18664
19351
20237
20125
19624
19816
19279
21340
21509
21475
22296
22751
23770
23823
22180
22730
22952
24732
24207
23645
24675
24311
23588
25154
24705
25179
26434
26363
27282
26581
25982
28049
27248
28640
28818
27642
29006
28472
30300
29264
31207
31356
30433
31349
30716
32623
31168
31351
32445
32064
31992
33170
34396
32734
34549
33901
35306
34425
34004
34449
36182
35439
36004
36355
35256
36516
37385
36534
35775
37818
38482
38595
38104
38017
39409
38911
38774
40587
39898
40231
41621
41332
40980
42192
42526
41792
40976
42216
43712
43591
43850
43365
44492
45473
44201
44526
44045
45018
44607
45133
45549
46110
46215
45931
46660
47253
47089
48167
48971
47052
48845
48138
47928
47861
49161
49032
48938
49630
49824
52351
50236
51685
51215
52047
53023
52841
52861
52409
53030
53112
55256
54746
54830
54340
54605
54825
55741
55731
56237
56725
55928
55258
56769
57912
57989
56026
58973
57896
59291
60027
58412
59626
59790
59935
59151
60659
60636
59758
62019
63109
62038
61572
49247
9292
10683
10614
9252
11678
11303
10018
9177
10471
11758
12282
12476
11327
12478
13729
14302
14454
13748
14440
14762
14730
14503
15424
15450
16673
16932
15176
15262
16184
16611
17799
19203
18351
16543
17418
18222
18888
19058
18818
20393
20412
20227
20527
20071
19539
21155
21983
21545
22391
22933
22789
23296
22608
23554
23343
24381
23926
23599
25379
25883
25990
26543
25691
25774
26235
25947
26896
27338
27528
27310
27996
28401
27573
28757
29610
29269
28774
30906
30134
30225
31736
30932
31550
31036
31071
30756
32732
33566
32733
34338
34281
33552
33925
34579
34415
33799
34386
34540
34991
35736
36229
35790
35945
36833
37958
36823
37538
36757
38343
39383
39264
39969
38962
38285
38727
39233
41076
40499
41127
40936
41484
40834
41241
41303
41657
41455
42246
42216
43497
42200
43756
43882
44608
44563
44464
43538
45946
45799
45543
46696
47386
46887
47169
47485
47375
47288
48010
48174
47391
49703
48948
49464
49580
49494
49861
49270
50369
51186
50035
51425
53103
52788
52739
52796
52673
54085
53709
53128
54299
54792
54604
54668
56128
56112
55376
55890
55470
55922
56975
56756
56503
56979
57285
58858
58889
59280
60162
60406
57511
59816
58992
60664
59238
60803
60683
60587
61764
61491
61397
56827
14885
9236
9898
11498
9973
9105
10567
10101
11384
11603
11202
12869
13365
12457
12842
11977
13666
13528
14487
14505
12769
14964
15356
15554
14861
15325
16554
16677
17173
16699
17563
18539
18758
17954
18208
18583
18895
20072
19668
20153
20427
19575
20728
20007
19703
21888
21563
21139
22235
21410
23120
22409
24080
24494
24252
24481
23896
23569
25504
25081
25228
26213
25732
24894
26941
26933
27365
27920
26475
27004
27613
27953
30358
28724
29577
29740
28481
29336
30537
31080
29375
30984
31187
30691
31537
32567
31686
33120
33456
33586
34070
32744
32814
35630
35032
35511
35395
35276
36663
35407
36084
35790
35573
37195
37018
36475
37822
35964
36982
39617
38974
38799
38955
38905
39431
39681
40163
38256
39871
40952
40055
39992
40779
42736
42316
43166
42793
42301
42488
42721
42126
43854
44189
44330
44926
44975
46376
47505
45467
46583
45287
46438
46371
46722
47423
46100
47355
47650
49268
48833
49281
49957
48786
50845
52239
51773
50551
51507
51133
50427
51189
53199
52078
51728
51821
53847
53030
53452
54768
54126
55008
55275
55353
55152
56651
54592
55923
56298
56141
56803
58683
58920
56922
56804
58077
57185
59660
59079
61153
60517
60059
60769
60310
61329
60325
61552
60556
61325
62332
51821
9278
9627
10398
10908
10483
10987
11628
10549
11278
10954
11846
11951
11849
12253
12132
13840
13820
14044
14277
15281
16037
14334
15614
14902
15545
15434
16702
16643
16368
16452
17712
17906
17720
18784
18103
17334
18932
18060
18610
19881
19763
19658
19608
19099
20524
20715
21892
21969
22491
21832
21036
21360
22882
23846
23982
24418
23348
24089
25644
25698
25069
26530
26066
25732
26566
26624
27189
26346
27457
27246
26929
28928
27928
29332
30608
30796
30795
31102
30069
29452
31103
31464
31295
30184
31544
32216
30496
33342
32900
32501
34486
34262
33806
34051
34607
34780
34538
34967
35369
34580
36542
36152
35646
36815
36935
36077
37134
38737
38434
37900
38244
37968
39789
39152
40693
41922
40297
39486
41428
41735
41112
41176
42773
40270
43418
42899
43485
44276
44393
43056
43558
43140
44947
46052
45548
45159
44515
46597
45358
45417
47347
48140
47130
47115
47774
48520
49654
49370
47654
48999
49341
49698
49785
49143
49996
51313
51681
51775
51248
50737
52198
52638
51424
52074
53547
53801
54004
53797
53315
54887
55318
53856
53745
54974
54828
55153
57058
56836
57638
57324
57704
58065
57814
58172
59164
58171
58009
59520
59563
59890
59482
61033
61483
61324
61963
61120
62320
62376
62562
50762
9466
8593
8999
9007
9404
10505
11322
11508
10935
11202
12154
12435
11816
13707
13499
12778
12258
13537
14581
13499
15057
14054
15846
14625
16739
17071
15848
15763
18459
17636
17847
17702
18162
19016
18270
19059
19154
18758
19523
20380
19865
19840
19552
19665
21544
21401
21735
22355
23062
23727
23538
22060
22825
23285
24837
23933
23765
25020
23840
23963
25013
24783
25699
26230
26593
27137
26387
26510
27890
27271
28807
28691
27766
28884
28907
29947
29779
31211
31557
30195
31594
30671
32644
30952
31162
32792
31801
32033
33831
34301
32802
34823
33833
35426
34105
34110
34777
36105
35571
36004
36433
35142
36868
37379
36107
36218
37944
38705
38310
38298
38027
39453
38757
39086
40647
39695
40548
41795
41123
41169
42158
42647
41724
40782
42765
43781
43717
43631
43522
44571
45630
43987
44339
44380
44884
44668
45573
45151
46589
45883
46160
46941
47297
47234
48241
48959
46784
49006
47875
48035
47923
49208
49099
49005
49669
50777
52187
50178
51770
50853
52459
53051
53173
52516
52625
53218
53388
55265
54552
54886
54075
54899
54803
55930
55823
56363
56579
56076
54924
57450
57666
57727
56386
59061
57864
59766
59827
58415
59580
60195
59413
59567
60563
60663
59820
62589
63011
61938
61578
39671
8513
10716
10324
9487
11981
10877
9856
9206
11064
11686
12325
12320
11582
12352
14206
14370
14194
13973
14579
14546
14894
14533
15486
15661
16921
16292
15467
15217
16321
16752
18180
19176
17948
16625
17465
18786
18487
19245
19012
20673
20117
20395
20628
19629
20058
21192
21926
21678
22824
22570
23048
23179
22619
23843
23096
24733
23892
23618
25542
26019
26258
26529
25403
25906
26357
25973
27019
27656
27050
27669
28124
28315
27802
28853
29561
29088
29177
31020
29822
30566
31830
30954
31549
31041
30925
31019
32851
33661
32739
34722
33835
33596
34365
34302
34393
33925
34513
34415
35403
35554
36132
36007
36017
37048
37703
36997
37405
36743
38798
39276
39335
39941
38716
38621
38516
39850
40728
40679
41076
41178
41414
40851
41203
41446
41627
41704
42149
42441
43427
42240
44003
43987
44711
44495
44318
43746
46237
45883
45273
47312
47034
46966
47359
47522
47110
47315
48335
47964
47638
49963
48770
49276
49888
49680
49800
49186
50741
51040
50019
51712
53454
52581
52878
52520
53088
54014
53668
53395
54348
54817
54601
54723
56284
55661
55755
55859
55465
55888
57226
56613
56552
57386
57085
59114
58768
59677
60275
59726
57827
59637
59299
60747
59223
61019
60597
60729
62111
61187
61638
50475
10903
9236
10293
11462
9471
9618
10274
10385
11624
11125
11845
12845
13340
12509
12694
12253
13760
13708
14539
14276
12707
15363
15351
15604
14632
15660
16664
16875
17016
16915
17498
18787
18705
17636
18812
18116
19317
20141
19842
20160
20165
19679
20861
19672
20186
22151
20892
21812
22026
21432
23236
22377
24422
24365
24194
24619
23635
23989
25550
25159
25106
26520
25236
25085
27435
26585
27969
27300
26577
27227
27729
28438
30235
28454
30011
29571
28196
29983
30591
30793
29680
30975
31622
30421
31832
32153
32040
33107
33488
33777
34085
32506
33524
35847
34799
35808
35008
35588
36648
35166
36360
35607
35906
37317
36979
36609
37811
35671
37634
39680
38886
38855
39211
38768
39468
39790
40121
38085
40274
41126
39681
40335
41183
42362
42696
43093
42795
42173
42400
42961
42260
44068
44167
44611
44728
45303
46623
47230
45625
46418
45333
46550
46571
46741
47399
46242
47569
47805
49327
48705
49249
50292
48850
51508
52330
51849
50614
51350
50944
50243
51460
53412
51493
51951
52079
54249
52788
54006
54602
54379
55117
55165
55323
55397
56397
54435
56779
55868
56314
57154
58978
58509
56859
56958
57966
57594
59668
59345
61408
60073
60392
60877
60294
61180
60619
61471
60693
61260
63226
41711
8138
9876
10264
11368
9958
11567
11394
10666
11254
10980
12072
11805
11934
12124
12550
13785
14104
13961
14320
15626
15824
14592
15552
14729
15553
15601
16997
16233
16697
16304
18230
17878
17739
18564
18177
17330
19099
18038
18782
19737
20272
19168
19808
19343
20360
21116
21861
22104
22359
21792
20932
21640
23348
23672
24135
24231
23351
24570
25396
25667
25271
26594
25800
26182
26377
26842
27021
26683
27330
27149
27215
28939
27801
29859
30582
30873
30678
31456
29577
29841
31049
31747
31082
30131
31940
31874
30611
33695
32864
32446
35019
33858
33952
33971
34946
34830
34583
34948
35359
34877
36728
35738
36116
36992
36545
36432
37167
38955
38205
38145
38006
38379
39841
39105
41184
41742
39941
39651
41963
41355
41252
41378
42674
40208
43826
42726
43766
44478
43841
43495
43109
43427
45391
45868
45486
44984
44823
46621
45351
45649
47646
47678
47508
46703
48333
48359
50088
48724
47977
48790
49957
49054
50245
48773
50604
51225
51713
51998
50832
50875
52552
52394
51344
52286
53804
53806
53975
53837
53285
55274
55065
53640
54227
54620
55079
55368
57290
56808
57658
57373
57637
58165
57674
58277
59343
58010
57954
59893
59513
59947
59357
61420
61493
61325
61857
61227
62415
62349
62760
41003
8023
8653
9005
9118
9753
10211
11713
11371
10914
11184
12613
12112
12230
13785
13247
12670
12515
13854
14501
13475
15215
14329
15398
15167
16858
16955
15616
16172
18550
17555
17647
17994
18199
19015
18332
19173
18960
18921
19746
20450
19615
20006
19251
20160
21630
21317
21955
22375
23423
23733
23161
22112
22822
23713
24811
23658
23944
25178
23461
24385
24840
24797
26205
26110
26862
26942
26116
27165
27652
27469
28867
28422
28105
28628
29467
29477
30340
31119
31570
30193
31571
31040
32488
31114
31229
32951
31623
31917
34136
33878
33065
34848
34115
35481
33962
34268
35240
35900
35742
35978
36269
35275
37081
37405
35762
36769
38050
38922
38115
38391
38281
39311
38583
39462
40569
39624
40893
41852
41022
41468
42062
42551
41731
40837
43145
43762
43876
43416
43794
44674
45547
44090
44059
44700
44700
44682
45961
44962
46795
45650
46261
47127
47219
47446
48289
48721
47047
49033
47823
48041
47897
49434
48854
49091
49686
50208
52246
50233
51798
50887
51346
52805
53307
52186
52594
53253
53944
55307
54653
54974
54005
55049
54831
55946
55900
56489
56274
56163
54956
57971
57579
57188
57070
58851
57994
60121
59507
58697
59366
60533
59048
60081
60392
60574
60189
62920
62766
61875
61325
28989
9074
10773
9923
9993
12057
10499
9617
9320
11571
11754
12382
11979
11993
12341
14425
14489
13912
14176
14762
14400
14920
14716
15419
15960
17218
15567
15630
15361
16361
16938
18586
19079
17478
16835
17491
19279
18273
19200
19311
20834
19926
20500
20675
19295
20576
21331
21721
21779
23232
22312
23227
23041
22761
24002
23033
24714
23959
23952
25563
26068
26545
26513
25277
25950
26392
26146
27044
27976
26720
27835
28230
28089
28167
29064
29455
28806
29740
31028
29671
30909
31694
31125
31479
31108
30778
31476
32901
33582
32952
34924
33526
33573
34781
34159
34244
34104
34596
34370
35765
35610
35881
36138
36159
37345
37330
37257
37254
36956
39112
39126
39481
39751
38479
38972
38431
40478
40374
40799
40913
41381
41243
40968
41146
41530
41515
41992
42044
42769
43141
42499
44028
44169
44737
44450
44074
44170
46241
46000
45263
47740
46778
46932
47460
47571
46962
47285
48503
47773
48104
49952
48824
49034
49937
49828
49671
49272
51027
50766
50192
51924
53504
52531
52936
52283
53459
53859
53544
53753
54425
54765
54676
54957
56389
55251
55994
55819
55537
55920
57207
56481
56513
57704
57200
59169
58634
60024
60497
58858
58449
59289
59650
60553
59499
61028
60474
60861
62200
60954
61763
41441
9284
9226
10713
11268
9052
10157
9964
10730
11883
10670
12394
12901
13138
12691
12408
12665
13698
13993
14598
13936
12977
15504
15388
15540
14561
15941
16667
17106
16788
17186
17581
18887
18616
17378
19246
17902
19590
20038
20077
20268
19872
19897
20824
19388
20719
22317
20363
22312
21876
21729
23132
22611
24572
24248
24117
24613
23413
24464
25429
25309
25158
26643
24900
25389
27671
26399
28410
26748
26659
27369
27726
29074
29892
28372
30145
29358
28085
30437
30765
30285
30148
30787
31804
30403
32217
31769
32515
33146
33456
33785
33764
32172
34182
35896
34783
36058
34919
35986
36514
35116
36372
35418
36244
37225
36801
36861
37511
35701
38319
39548
38861
38785
39324
38776
39434
39883
39813
38260
40464
41095
39459
40530
41768
41994
42977
42995
42750
42137
42290
42917
42583
44188
44089
44875
44565
45665
46885
46732
45977
46065
45533
46496
46705
46834
47114
46496
47675
48112
49272
48857
49293
50428
48975
51665
52132
51668
50580
51622
50962
50284
51485
53475
51513
51127
52317
54138
52573
54369
54304
54677
55301
55269
55307
55848
55895
54321
57237
55540
56346
57503
59140
57993
56865
57221
57679
58188
59458
59743
61378
59716
60560
60881
60495
60837
60973
61207
60930
61225
63694
30378
8354
10124
10095
11582
9693
11937
11084
10897
11203
11104
12222
11730
12039
11946
13029
13651
14331
14032
14430
15930
15353
15017
15462
14755
15417
15825
17158
15941
16872
16334
18476
17959
18004
18227
18103
17583
18986
18154
19078
19432
20604
18903
19747
19766
20224
21469
21832
22253
22169
21672
20873
21907
23720
23587
24312
23946
23441
25115
25253
25459
25621
26558
25573
26581
26276
27027
26740
27133
27264
27011
27668
28788
27884
30209
30560
30872
30527
31533
29249
30342
30943
31861
30866
30286
32240
31430
31097
33679
32948
32579
35196
33598
34037
33894
35052
34809
34653
34943
35147
35333
36771
35321
36486
37165
36099
36772
37385
38917
37979
38328
37770
38852
39727
39231
41607
41469
39676
39920
42285
41097
41243
41710
42214
40778
43807
42721
43977
44742
43290
43957
42863
43802
45737
45680
45384
44750
45303
46345
45362
46089
47988
47172
47800
46563
48755
48379
50282
48121
48445
48599
50423
48647
50367
48693
51110
51303
51617
52187
50639
51084
52804
52120
51468
52553
53842
53849
53900
53809
53500
55461
54735
53451
54729
54354
55170
55732
57304
56929
57541
57490
57647
58173
57686
58366
59232
58017
58091
59978
59574
59936
59405
61589
61505
61459
61622
61468
62478
62321
62691
30196
7902
8703
8948
9182
10233
10094
11876
11259
10990
11171
12892
11805
12731
13840
13017
12493
12810
14152
14298
13666
15022
14928
14804
15761
16989
16762
15481
16785
18399
17622
17469
18236
18338
18811
18517
19273
18722
19049
19904
20442
19477
20084
19047
20647
21646
21275
22166
22437
23678
23794
22756
22300
22768
24132
24733
23543
24153
25111
23317
24815
24682
24790
26524
26120
27106
26807
25833
27716
27457
27820
28851
28077
28519
28373
30000
29083
30819
31092
31293
30458
31311
31579
32019
31305
31463
32844
31796
32158
34415
33437
33517
34507
34403
35097
33780
34239
35756
35734
36020
36120
36048
35637
37191
37174
35463
37190
38085
38967
37983
38372
38742
39171
38527
39938
40359
39654
41142
41749
40941
41819
42116
42274
41618
41155
43416
43675
44031
43298
44075
44868
45151
44311
43829
44961
44590
44687
46088
45105
46759
45628
46366
47269
47154
47785
48474
48219
47584
48760
47810
47997
48118
49585
48851
49245
49685
50680
51657
50422
51816
50773
52736
52927
53394
52256
52668
52341
54443
55067
54521
54831
54084
55107
55181
55986
56131
56688
55986
56032
55338
58160
57662
56539
57856
58482
58357
60300
59139
59140
59283
60522
58771
60427
60349
60249
60728
63124
62520
61785
59869
19440
9905
10772
9536
10592
11966
10278
9404
9545
11812
11935
12440
11605
12335
12584
14428
14565
13673
14283
14899
14400
14811
14997
15370
16197
17392
15110
15589
15641
16402
17138
18869
18889
17020
17116
17571
19470
18362
19002
19679
20831
19889
20512
20651
19138
20985
21589
21583
21904
23426
22309
23311
22843
22970
23973
23322
24414
23890
24469
25568
25923
26645
26373
25372
25965
26284
26412
27057
28098
26681
27893
28309
27774
28482
29342
29369
28558
30252
30828
29695
31171
31383
31305
31299
31183
30673
31953
33027
33307
33350
34891
33420
33545
34958
34196
34022
34231
34667
34446
35982
35843
35676
36166
36426
37690
36988
37471
37070
37326
39313
39120
39652
39473
38249
39078
38551
40999
40215
40936
40756
41510
41048
41083
41119
41597
41397
42220
42032
43101
42759
42944
44000
44351
44698
44433
43766
44740
46066
46007
45541
47913
46740
46943
47509
47635
46970
47392
48473
47530
48685
49704
49116
48968
49788
49943
49525
49533
51219
50460
50623
52243
53384
52552
52966
52229
53781
53702
53286
54052
54595
54715
54698
55333
56365
54972
56066
55784
55782
56180
57097
56427
56565
57808
57646
59074
58674
60187
60686
58060
59111
58954
60020
60099
59978
60955
60435
61072
62153
61009
61578
31218
8985
9322
11077
10905
8806
10575
9817
10967
12034
10523
12741
13065
12823
12793
12114
13089
13596
14247
14634
13507
13564
15460
15422
15395
14659
16154
16600
17278
16640
17405
17792
18876
18460
17350
19366
18039
19776
19833
20249
20423
19645
20163
20614
19266
21211
22320
20216
22511
21701
22189
22854
23056
24617
24224
24145
24446
23257
24924
25239
25405
25396
26521
24741
25812
27624
26497
28577
26452
26721
27473
27699
29749
29521
28583
30097
29126
28240
30633
30967
29768
30595
30691
31598
30738
32504
31471
32846
33271
33510
33981
33525
32155
34798
35645
34826
35892
34786
36226
36212
35395
36335
35454
36716
37183
36662
37206
36939
35874
38879
39328
38870
38808
39360
38996
39479
40004
39315
38712
40602
40865
39443
40588
42422
41851
43141
42909
42644
42298
42296
42603
43060
44258
44087
45023
44542
45950
47228
46158
46370
45729
45867
46402
46807
47043
46667
46816
47642
48530
49124
49003
49374
50233
49625
51906
52061
51513
50769
51560
50755
50247
51799
53472
51252
51948
52376
54199
52655
53647
53699
54715
55252
55179
55162
56370
55447
54659
57356
55703
56432
57929
59215
57395
56786
57559
57342
58917
59257
60281
61274
59650
60690
60778
60893
60467
61344
60907
61194
61339
62729
20276
8934
10343
10139
11480
9825
11988
10784
11134
11116
11297
12263
11757
12145
11812
13424
13532
14353
14117
14649
16119
14845
15375
15338
15017
15286
16062
17213
15837
16832
16604
18381
17983
18412
18011
17863
18026
18631
18336
19461
19242
20601
18945
19487
20200
20186
21701
21807
22418
21990
21497
20936
22168
23931
23632
24417
23658
23548
25546
25293
25202
25967
26425
25419
26777
26297
27132
26429
27450
27272
26919
28217
28525
28264
30467
30627
30869
30513
31243
29144
30786
30955
31790
30598
30619
32440
31019
31852
33384
32899
33090
35095
33584
34098
33979
34998
34754
34823
35038
34815
35807
36769
35170
36707
37334
35859
36999
37826
38813
37808
38422
37657
39330
39551
39581
41855
41102
39480
40339
42380
41038
41164
42155
41494
41721
43561
42834
44107
44858
42877
44101
42776
44166
46059
45610
45351
44523
45820
45933
45380
46589
48301
46881
47826
46723
48909
48661
50221
47673
48817
48522
50607
48718
50083
48896
51322
51417
51544
52040
50596
51457
52912
51856
51621
52868
53878
53912
53870
53738
53920
55557
54425
53388
55102
54347
55178
56230
57213
57208
57422
57597
57753
58068
57785
58556
58911
58097
58473
59890
59715
59916
59883
61565
61481
61671
61322
61760
62455
62355
61380
20420
8184
8771
8896
9205
10592
10305
11819
11156
11090
11321
12915
11631
13191
13796
12880
12276
13081
14410
14023
14071
14581
15538
14370
16239
17062
16478
15457
17473
18144
17709
17354
18314
18609
18569
18738
19341
18639
19178
20081
20295
19490
20021
19062
21014
21598
21349
22243
22529
23803
23879
22392
22526
22803
24478
24476
23521
24391
24779
23341
25079
24624
24870
26580
26202
27267
26693
25759
28030
27304
28261
28868
27780
28891
28309
30320
29026
31143
31203
30871
30869
30920
32146
31482
31368
31892
32482
31941
32610
34512
33001
34094
34181
34918
34781
33831
34266
35994
35443
35990
36190
35622
36116
37368
37029
35567
37615
38245
38807
37953
38165
39129
39043
38566
40340
40136
39891
41404
41568
40920
42093
42291
41986
41310
41646
43582
43616
44027
43298
44328
45142
44646
44502
43816
45060
44536
44823
45940
45542
46501
45761
46531
47323
47130
48029
48719
47548
48244
48442
47893
47916
48383
49483
48835
49382
49645
51383
51055
50894
51791
50998
52819
52745
53354
52123
52661
53178
54513
55098
54567
54445
53803
55027
55367
55756
56140
56753
55891
55751
56077
58194
57933
56061
58513
58075
58751
60214
58674
59476
59430
60394
58870
60659
60430
59929
61404
63168
62255
61664
56148
12726
10454
10769
9268
11168
11685
10146
9257
9927
11841
12138
12533
11346
12515
13122
14344
14560
13621
14360
14908
14544
14657
15270
15379
16454
17328
14998
15420
15950
16486
17416
19091
18628
16684
17302
17800
19332
18692
18848
20084
20691
20046
20510
20422
19223
21156
21869
21468
22060
23290
22508
23336
22696
23261
23716
23829
24116
23722
24968
25700
25907
26644
26097
25590
26062
26098
26685
27151
27943
26958
27932
28393
27553
28664
29542
29343
28551
30669
30484
29902
31466
31085
31477
31157
31173
30664
32440
33290
32969
33832
34636
33449
33650
34846
34308
33864
34319
34632
34658
35910
36139
35659
36024
36616
37906
36783
37562
36909
37805
39429
39147
39865
39207
38158
38989
38791
41226
40297
41096
40779
41532
40880
41217
41204
41658
41353
42295
42083
43390
42384
43401
43877
44463
44653
44472
43542
45416
45856
45831
46060
47734
46779
47032
47489
47582
47139
47626
48339
47388
49269
49283
49374
49218
49597
49953
49388
49907
51231
50153
51055
52668
53083
52634
52904
52387
54007
53648
53126
54243
54715
54636
54663
55788
56286
55002
56013
55623
55903
56592
56936
56465
56713
57611
58277
58998
58882
60191
60686
57589
59674
58844
60389
59619
60489
60863
60519
61424
61902
61212
60289
21831
9119
9557
11360
10475
8825
10706
9863
11141
11969
10705
12860
13260
12585
12888
11941
13445
13494
14421
14640
13105
14325
15405
15491
15156
14952
16374
16581
17298
16611
17557
18157
18810
18263
17653
19060
18422
19981
19668
20231
20528
19554
20473
20339
19380
21605
22105
20567
22418
21524
22717
22595
23566
24572
24226
24289
24171
23310
25295
25101
25356
25785
26205
24789
26381
27353
26836
28412
26377
26812
27536
27739
30215
29123
29067
29916
28812
28678
30645
31164
29436
30913
30839
31141
31114
32621
31414
33047
33346
33540
34073
33137
32360
35308
35378
35167
35725
34974
36494
35795
35684
36000
35402
37034
37148
36596
37669
36506
36418
39368
39109
38804
38812
39148
39238
39566
40140
38782
39368
40794
40500
39651
40626
42738
41982
43218
42831
42479
42452
42497
42329
43523
44255
44188
45020
44689
46166
47447
45666
46600
45416
46188
46337
46819
47305
46320
47114
47628
48959
48939
49153
49625
49699
50361
52096
51923
51155
51033
51478
50703
50512
52292
53238
51261
51809
52762
53841
52700
54694
54047
54810
55343
55226
54494
56042
54942
55110
56832
55892
56584
58399
59251
57148
56825
57886
57080
59370
59000
60732
60923
59802
60736
60535
61254
60288
61531
60634
61281
61660
59016
13092
9392
10452
10430
11060
10311
11855
10569
11256
11021
11553
12129
11810
12248
11855
13715
13589
14203
14216
14931
16182
14471
15577
15151
15331
15317
16357
16976
16036
16661
17108
18150
17882
18757
17985
17570
18543
18303
18502
19794
19370
20227
19266
19210
20494
20402
21851
21864
22514
21880
21275
21109
22517
23975
23773
24479
23444
23757
25766
25512
25043
26285
26256
25476
26753
26421
27226
26253
27530
27280
26871
28668
28210
28789
30604
30723
30859
30724
30697
29213
31040
31151
31559
30355
31078
32389
30693
32660
33083
32740
33802
34708
33667
34108
34240
34883
34651
34952
35237
34589
36264
36558
35280
36720
37266
35879
37146
38324
38649
37810
38393
37715
39661
39359
40092
41934
40716
39411
40858
42140
41078
41128
42565
40743
42710
43229
43133
44177
44763
42782
43955
42901
44548
46140
45582
45252
44429
46303
45561
45383
47020
48356
46836
47551
47176
48782
49166
49948
47535
49017
48812
50291
49166
49614
49373
51397
51574
51606
51680
50656
51813
52854
51600
51866
53236
53810
53950
53804
53527
54445
55498
54132
53470
55178
54548
55110
56666
56990
57451
57299
57661
57919
57965
57980
58869
58504
58084
58985
59698
59845
59687
60472
61534
61438
61918
61167
62100
62409
62399
57643
13365
8464
8890
8903
9248
10704
10779
11669
11014
11186
11673
12719
11612
13532
13705
12821
12202
13314
14557
13720
14611
14177
15910
14293
16549
17102
16138
15538
18068
17822
17809
17434
18258
18867
18341
18911
19363
18667
19350
20245
20112
19654
19820
19276
21326
21497
21504
22291
22750
23776
23811
22167
22698
22948
24730
24209
23622
24692
24314
23608
25155
24721
25187
26418
26365
27276
26578
25966
28043
27252
28590
28820
27635
29037
28465
30262
29266
31253
31392
30455
31327
30661
32558
31097
31296
32384
32071
32003
33166
34445
32745
34553
33913
35301
34437
33980
34431
36165
35452
36007
36350
35254
36496
37334
36511
35750
37829
38518
38675
38182
38079
39424
38900
38744
40554
39852
40156
41605
41348
41013
42209
42548
41813
40998
42196
43685
43569
43839
43351
44471
45469
44195
44522
44029
45036
44592
45126
45560
46122
46192
45962
46717
47326
47112
48184
48965
47036
48811
48134
48010
47876
48767
49316
48919
49541
49654
52005
50479
51268
51511
51480
52950
52767
53262
52299
52825
53030
54891
54815
54606
54600
54299
54984
55410
55792
56462
57851
55856
55184
56729
57906
57988
56093
59071
57977
59356
60083
58420
59621
59752
59871
59103
60655
60635
59771
62038
63127
62035
61565
49223
9309
10663
10609
9249
11674
11296
10034
9190
10469
11747
12261
12500
11334
12461
13725
14301
14453
13749
14412
14733
14717
14490
15429
15464
16669
16950
15187
15254
16183
16599
17813
19186
18332
16511
17423
18227
18904
19064
18810
20395
20397
20225
20536
20054
19546
21153
21998
21564
22387
22967
22768
23284
22607
23574
23348
24382
23932
23582
25367
25889
26009
26559
25727
25770
26214
25961
26884
27341
27549
27343
28012
28430
27565
28756
29606
29302
28746
30909
30124
30234
31714
30928
31552
31036
31087
30757
32710
33563
32739
34342
34263
33549
33923
34608
34405
33832
34406
34549
34974
35725
36233
35792
35943
36839
37950
36833
37524
36763
38356
39360
39226
39946
38943
38295
38734
39235
41060
40468
41137
40917
41498
40814
41226
41297
41640
41452
42255
42226
43530
42232
43775
43894
44622
44549
44451
43525
45943
45789
45549
46697
47391
46893
47194
47480
47365
47272
48018
48178
47410
49731
48944
49439
49574
49533
49888
49250
50353
51203
50012
51421
53081
52739
52687
52698
52659
54034
53664
53142
54281
54788
54577
54616
56066
56035
55308
55871
55459
55877
56963
56715
56476
56979
57284
58817
58846
59232
60118
60379
57484
59801
58977
60654
59255
60811
60683
60610
61796
61489
61399
56823
14872
9213
9890
11495
9976
9105
10568
10094
11378
11604
11212
12865
13383
12475
12862
11981
13677
13539
14490
14525
12796
14973
15361
15563
14873
15329
16558
16683
17200
16712
17569
18542
18746
17970
18207
18576
18891
20071
19657
20194
20427
19574
20728
20011
19699
21905
21586
21152
22221
21396
23107
22396
24065
24462
24202
24487
23895
23565
25533
25084
25218
26212
25734
24908
26962
26956
27357
27913
26479
26995
27639
27962
30345
28746
29612
29761
28464
29339
30573
31118
29423
31053
31211
30672
31492
32497
31647
33116
33439
33600
34122
32798
32840
35672
35046
35503
35388
35263
36647
35413
36096
35789
35608
37209
37031
36461
37749
35922
36968
39636
39009
38868
39046
38981
39441
39678
40137
38226
39866
40974
40057
40018
40804
42759
42321
43178
42812
42308
42478
42740
42128
43846
44228
44347
44860
44940
46358
47476
45455
46573
45299
46463
46399
46736
47447
46152
47385
47649
49254
48789
49265
49958
49152
51040
52245
51863
50832
51313
51285
50539
50773
52728
52725
51551
51820
53447
53459
53060
54839
53953
54819
55240
55245
55116
56661
54979
55197
56917
55611
56825
58627
58888
56883
56826
58101
57277
59795
59163
61208
60520
60044
60743
60278
61330
60337
61573
60627
61368
62356
51828
9308
9669
10392
10896
10471
10959
11627
10510
11277
10957
11854
11966
11872
12232
12148
13841
13815
14058
14276
15289
16095
14380
15606
14882
15545
15405
16680
16639
16354
16439
17713
17909
17725
18792
18100
17327
18921
18053
18621
19891
19757
19647
19613
19123
20525
20724
21887
21972
22495
21822
21060
21359
22874
23813
23950
24414
23348
24083
25622
25675
25074
26513
26044
25758
26576
26639
27198
26337
27454
27241
26938
28902
27909
29377
30609
30800
30777
31075
30045
29429
31073
31452
31305
30136
31516
32219
30529
33327
32894
32509
34471
34244
33812
34057
34606
34790
34541
34977
35399
34615
36557
36168
35646
36823
36949
36080
37116
38731
38434
37906
38244
37951
39807
39168
40651
41885
40309
39482
41428
41734
41174
41158
42773
40226
43439
42938
43460
44287
44371
43017
43588
43136
44975
46054
45549
45171
44526
46622
45384
45423
47348
48132
47130
47115
47774
48547
49686
49385
47628
48970
49302
49696
49772
49091
49994
51294
51682
51796
51228
50737
52174
52648
51411
52091
53570
53801
53994
53852
53311
54925
55345
53918
53759
54977
54861
55191
57061
56854
57635
57332
57697
58078
57789
58169
59177
58172
58022
59543
59566
59915
59461
61053
61456
61291
62018
61136
62324
62400
62567
50757
9483
8610
9000
9001
9401
10497
11323
11517
10928
11199
12155
12427
11817
13693
13498
12782
12261
13565
14591
13482
15056
14028
15842
14612
16734
17072
15836
15742
18427
17607
17800
17690
18195
19040
18274
19055
19193
18789
19539
20386
19843
19816
19514
19676
21549
21389
21718
22362
23061
23724
23546
22058
22816
23279
24833
23897
23757
25005
23828
23969
25026
24785
25694
26218
26580
27128
26382
26476
27863
27246
28776
28685
27769
28889
28900
29941
29787
31210
31582
30206
31611
30719
32699
30992
31181
32784
31754
31958
33754
34258
32772
34814
33870
35458
34120
34142
34777
36095
35567
35986
36427
35130
36851
37404
36124
36223
37938
38695
38315
38246
38012
39458
38805
39166
40717
39737
40572
41781
41108
41134
42090
42620
41740
40811
42751
43766
43722
43639
43501
44561
45642
43978
44331
44351
44882
44656
45558
45146
46566
45844
46137
46937
47301
47245
48211
48971
46838
49036
47917
48076
47857
49174
49061
49014
49670
49803
52298
50140
51582
51176
52012
52972
52867
52877
52446
53052
53100
55209
54720
54776
54313
54563
54763
55651
55675
56253
56783
55939
55254
56771
58325
58227
56339
59014
57810
59768
59817
58479
59635
60278
59436
59604
60543
60598
59752
62513
62978
61934
61566
39705
8564
10756
10333
9502
11971
10863
9851
9245
11078
11688
12328
12318
11593
12330
14229
14364
14203
13970
14581
14554
14909
14500
15461
15665
16939
16293
15457
15227
16326
16760
18179
19162
17944
16624
17468
18776
18460
19253
18982
20652
20103
20403
20614
19636
20044
21189
21910
21663
22837
22546
23029
23174
22600
23822
23076
24710
23888
23632
25554
26010
26272
26517
25394
25912
26357
25971
27012
27656
27068
27673
28106
28325
27820
28844
29547
29076
29187
31037
29790
30562
31813
30953
31546
31023
30906
31035
32832
33691
32756
34728
33865
33585
34386
34314
34388
33913
34502
34439
35404
35570
36123
36012
35995
37043
37701
37004
37390
36747
38778
39272
39312
39904
38705
38632
38485
39836
40707
40643
41045
41159
41382
40815
41179
41410
41583
41686
42141
42456
43419
42257
44008
43982
44678
44476
44301
43720
46240
45861
45279
47321
46990
46912
47313
47489
47088
47271
48340
47965
47617
49935
48704
49282
49892
49651
49774
49202
50757
51005
49998
51694
53428
52606
52852
52512
53087
54017
53677
53387
54342
54834
54612
54718
56301
55677
55740
55849
55424
55877
57208
56607
56542
57396
57066
59100
58752
59695
60259
59697
57807
59613
59283
60756
59237
60990
60580
60671
62067
61113
61597
50448
10892
9237
10287
11471
9484
9602
10261
10404
11635
11113
11785
12841
13340
12513
12686
12250
13734
13700
14542
14281
12704
15374
15364
15575
14639
15666
16672
16873
16996
16913
17526
18803
18722
17628
18813
18108
19321
20120
19819
20153
20170
19655
20869
19635
20165
22136
20895
21809
22027
21443
23235
22385
24412
24372
24182
24608
23623
23987
25562
25182
25112
26523
25253
25078
27414
26601
27946
27287
26594
27205
27700
28396
30211
28468
30014
29557
28177
29990
30558
30801
29687
30938
31620
30421
31876
32191
32067
33101
33475
33717
34037
32469
33494
35840
34806
35831
35048
35620
36650
35143
36314
35596
35895
37258
36943
36604
37788
35677
37653
39635
38846
38748
39127
38726
39498
39867
40161
38115
40295
41136
39656
40325
41136
42350
42696
43130
42801
42183
42411
42962
42267
44079
44169
44620
44734
45335
46575
47226
45626
46404
45351
46574
46542
46732
47409
46265
47536
47824
49369
48744
49277
50289
48829
51448
52274
51804
50568
51481
51093
50367
51059
53138
52027
51783
51829
53875
53047
53476
54753
54143
55009
55254
55292
55087
56584
54533
55896
56289
56166
56800
58727
58944
56898
56669
58296
57506
59622
59304
61382
60099
60427
60950
60346
61204
60618
61403
60641
61220
63179
41675
8137
9892
10257
11355
9948
11580
11354
10659
11260
10972
12080
11812
11934
12134
12578
13803
14116
13968
14331
15624
15813
14577
15549
14726
15551
15594
16981
16237
16691
16310
18245
17879
17753
18565
18172
17328
19098
18049
18773
19721
20270
19163
19813
19332
20364
21088
21869
22101
22375
21814
20905
21629
23324
23662
24153
24208
23343
24521
25387
25656
25288
26579
25810
26161
26393
26844
26999
26693
27338
27138
27222
28956
27786
29858
30575
30867
30682
31456
29558
29858
31011
31725
31086
30119
31921
31879
30661
33709
32894
32412
35038
33867
33948
33955
34925
34789
34553
34953
35370
34854
36709
35730
36102
36977
36513
36431
37161
38949
38205
38110
38011
38380
39825
39079
41215
41713
39938
39643
41920
41343
41243
41357
42682
40236
43769
42712
43772
44515
43839
43518
43159
43455
45375
45885
45498
44993
44853
46622
45329
45662
47668
47669
47491
46679
48339
48353
50102
48742
48008
48806
49958
49025
50250
48763
50612
51273
51664
52002
50840
50879
52554
52360
51334
52276
53783
53817
53971
53831
53304
55288
55041
53639
54182
54617
55102
55390
57246
56772
57664
57377
57639
58163
57690
58265
59367
58017
58004
59922
59527
59953
59307
61426
61465
61330
61858
61220
62458
62350
62807
41047
8011
8632
8992
9114
9754
10197
11714
11367
10906
11158
12616
12087
12216
13794
13254
12663
12513
13881
14495
13444
15214
14309
15379
15154
16872
16958
15605
16172
18526
17531
17641
17986
18169
18987
18332
19166
18968
18918
19731
20459
19611
20014
19243
20147
21630
21330
21972
22374
23421
23704
23152
22106
22802
23654
24799
23651
23929
25176
23467
24387
24831
24801
26217
26119
26858
26953
26107
27140
27652
27443
28835
28417
28091
28613
29436
29461
30344
31118
31547
30185
31585
31032
32453
31111
31198
32960
31677
31931
34185
33901
33066
34792
34066
35408
33911
34220
35244
35901
35781
36001
36298
35279
37076
37353
35723
36725
38047
38896
38087
38371
38245
39313
38546
39452
40513
39567
40859
41877
41061
41521
42102
42546
41741
40812
43083
43725
43816
43410
43787
44685
45562
44098
44067
44697
44658
44674
45929
44915
46797
45636
46254
47135
47230
47445
48290
48717
47038
49017
47801
48023
47922
49493
48923
49117
49724
50170
52214
50192
51794
50877
52486
53003
53120
52470
52535
53204
53380
55256
54561
54947
54069
54870
54754
55950
55787
56373
56488
56000
54867
57423
57665
57768
56407
59112
57842
59990
59819
58585
59296
60449
59004
60039
60458
60612
60240
63032
62837
61840
61216
28965
9063
10767
9914
9963
12075
10514
9619
9294
11554
11757
12409
11973
11971
12328
14419
14486
13897
14172
14760
14384
14900
14695
15417
15937
17215
15609
15607
15365
16358
16922
18577
19076
17467
16850
17506
19268
18246
19173
19279
20820
19913
20492
20666
19292
20570
21327
21715
21774
23217
22293
23193
23013
22743
23982
23025
24689
23933
23971
25545
26026
26532
26477
25275
25923
26385
26130
27027
27948
26719
27810
28215
28076
28157
29041
29430
28794
29741
31011
29659
30844
31678
31098
31454
31098
30740
31430
32889
33577
32961
34916
33532
33580
34776
34157
34221
34097
34603
34369
35774
35571
35859
36143
36166
37342
37336
37243
37256
36937
39125
39163
39459
39730
38468
38930
38402
40483
40366
40778
40882
41360
41199
40954
41141
41531
41514
41978
42035
42738
43107
42479
44044
44150
44720
44425
44080
44161
46237
45994
45257
47730
46766
46921
47477
47565
46941
47294
48488
47778
48094
49933
48815
49044
49937
49837
49662
49251
51047
50783
50221
51921
53511
52497
52924
52295
53453
53848
53549
53706
54424
54788
54630
54954
56390
55241
56028
55834
55578
55918
57228
56477
56540
57730
57209
59182
58629
60042
60471
58852
58465
59294
59671
60565
59521
61029
60477
60848
62233
60967
61755
41433
9285
9223
10702
11254
9063
10163
9961
10730
11900
10673
12402
12903
