7539
8430
8176
7799
8472
9038
8221
8416
8625
8449
10299
10161
9482
9810
9914
10098
10587
11086
11874
12565
12141
13703
14674
14598
14735
14129
15420
16627
17002
16284
17832
18245
19664
20014
20988
20846
22401
23103
24003
25835
26576
27061
26340
27865
28872
29870
29722
30985
31777
33705
34487
34685
35144
36721
36835
38270
38956
38963
40680
41078
41891
43696
44362
44292
44076
45131
46712
47183
47989
47490
49172
51189
51657
50797
51484
53084
54593
54099
54140
54478
56185
57129
57009
57171
57811
58782
58876
59442
59779
59907
59614
58973
60924
61353
61277
61168
60301
60957
61460
61633
61223
61010
60807
60960
61538
61765
60919
60370
61059
61911
61190
61316
60154
59857
58924
59017
59458
57891
57620
57154
57187
56560
56184
55516
54807
54697
55124
54153
52958
52666
52043
50619
50182
50550
48975
47862
48426
46245
45618
44877
44085
42738
42403
42348
40729
39513
38755
37969
37588
36731
35232
35200
33921
34066
33974
32125
31117
30156
29510
28981
27740
26813
26209
25590
23935
23838
22851
22182
22208
21260
19631
18705
17824
17964
17185
16590
15950
15975
16048
13752
13536
13339
13480
11589
11962
11717
11047
10048
9669
9246
9779
8946
8681
8531
8513
7726
7889
8551
7509
9276
8898
8431
8469
8122
7926
7610
9130
8218
8774
9214
8452
9253
9737
10651
10322
10270
10238
11338
11833
11476
12714
12614
13711
13624
14307
15737
16146
16605
17536
17017
17631
19960
20192
20216
20794
21774
22952
23037
24164
24908
25399
25931
27913
28348
29112
29576
31147
31166
32874
33457
33709
35689
35363
36155
36863
37946
38128
40073
39642
42301
42497
42804
42454
43013
45524
45810
46090
48071
48865
49172
50152
49889
52578
51054
51844
53043
53995
54606
55262
55080
56164
56960
57242
56620
57361
58625
59091
59139
58845
59221
59970
61024
60819
60940
60941
61156
60634
61316
61699
61699
62319
61797
61938
61308
62079
61789
61940
61863
61312
61852
60896
60890
60656
59337
58645
59424
58293
58784
57855
57887
57081
56889
55919
56123
54675
54493
53260
53975
53641
51865
51888
51355
49810
49643
48382
47794
46347
47047
45927
44117
43733
43255
41389
41418
40115
39949
39055
37491
37751
37048
36313
35015
34288
33129
33082
32282
31302
29666
29376
28572
28786
26536
26158
25072
25471
24512
22925
22201
20774
20008
19803
19438
19054
17753
17909
18231
17100
15525
14439
14429
14011
13553
12318
12460
12485
11783
10166
10549
10079
10277
10220
8798
8234
8511
9484
8790
8690
8494
7929
7669
8002
8065
8773
9205
8045
8018
7995
8980
9037
8604
9693
9676
9215
10589
10781
10489
10916
11049
11334
11557
12435
14028
13362
13918
14310
15112
16173
16516
17132
17735
18105
19426
20296
21536
21959
22916
22687
23780
24442
25073
25363
25907
26969
28647
28683
28884
30507
31379
31553
33111
33332
34012
35286
36720
36406
36401
38858
38980
40806
40286
42032
43431
44109
43558
44244
46453
46911
47994
48023
47912
49365
50447
50823
50918
53707
53119
54658
54488
55440
54830
55143
56410
56014
58085
57447
58844
58317
59629
59200
60332
59467
59819
59966
60575
60943
61031
61477
62208
61742
61706
61743
62404
61329
61513
61129
60955
60951
61657
60606
61206
61939
60670
61031
59837
60352
58139
58691
57334
58262
58137
56550
56220
55824
55021
55171
53732
54157
54565
53147
53337
51408
51526
48877
48517
47934
47821
47901
46467
45589
44085
44537
43896
43126
41730
39972
39945
39441
38245
37410
36500
35175
35486
34485
33258
32720
31122
30891
30150
29250
29142
28477
27688
25740
24819
24369
22780
23262
22098
22876
22251
20012
18887
17454
17353
17288
17524
16353
14834
15478
15682
13528
13789
12739
11984
11968
11442
12241
11141
10348
10315
9646
9829
10137
8647
8672
8476
8863
9216
7683
7765
8073
7431
8623
7651
8141
7689
7765
8278
9311
8620
8657
9434
9327
9907
11206
11445
10189
11628
11796
13219
13159
12990
13015
13705
13968
14162
14823
16167
17435
17603
18444
18575
20439
21475
21461
22258
23610
22397
22934
25031
26664
26481
27414
27515
29244
30820
30693
31619
32372
33733
34151
35818
36141
35836
36866
37852
38656
38797
40921
41405
42800
42267
43680
43399
44979
44727
47255
46878
47441
48393
48936
50376
51290
52646
52276
52735
53320
54476
55744
55662
56282
58182
57844
57827
57936
58500
58925
59566
58188
60016
60453
60011
59392
61232
60342
61132
61660
61589
61221
62404
61922
61357
61519
61764
61216
61888
62274
62377
61120
60366
60784
61179
60494
58780
59293
58542
59221
59021
58678
57913
56753
56059
56130
56063
55515
54293
53669
54031
53364
52871
52196
50549
50514
49395
48924
47797
47523
46119
45222
44598
44453
42836
42467
42268
40897
40777
38505
38903
37615
37089
36579
34342
34232
33985
32894
31761
31485
30082
28900
28798
28276
27094
26521
25202
24539
23726
23175
22254
22390
20592
20757
20181
18995
17379
17171
17155
16500
15938
15206
14834
14343
13178
12696
12072
11697
11834
11818
11608
10921
9861
9442
9503
8705
9014
8628
8557
8869
9045
9170
7570
7572
8580
8012
7922
8516
9141
8054
8505
8495
8747
10340
10076
9509
9866
9973
10197
10695
11190
12074
12290
12622
13706
14869
14560
14545
14416
15576
16773
16805
16651
17927
18487
19665
20303
21044
21173
22440
23147
24424
26070
26782
26870
26478
28168
29255
29691
29873
31233
32098
33929
34579
34616
35550
36783
37086
38516
38800
39256
40997
40970
42278
44026
44283
44227
44254
45556
46781
47313
47889
47870
49418
51552
51364
51059
51585
53632
54650
53800
54416
54720
56424
57273
56961
57246
57793
58975
58865
59595
59821
59925
59439
59280
61104
61432
61280
60891
60395
61165
61530
61447
61260
60644
61064
60807
61751
61628
60700
60300
61397
61851
61005
61413
59882
59463
59129
58952
59387
57713
57373
57240
57160
56423
56096
55302
54757
54759
55255
53727
53104
52416
52115
50277
50308
50410
48314
47925
47951
46101
45550
44775
43888
42838
42318
42297
40300
39494
38502
37764
37463
36334
35453
34848
33889
34268
33690
31688
30955
29976
29428
28824
27426
26930
25970
25272
23769
23819
22568
22361
21882
21148
19111
18785
17403
18379
16758
16453
15986
15995
15652
13760
13267
13677
13017
11621
11995
11610
10781
9995
9711
9245
9719
8757
8732
8634
8067
8046
7849
8416
7773
9229
8943
7930
7929
8164
7963
7595
9317
8641
9000
9072
8478
9356
9840
10797
10339
10271
10341
11443
11970
11493
12763
12566
14088
13719
14395
16052
16139
16713
17687
16989
18008
20120
20304
20223
21038
21847
23186
23175
24356
25000
25438
26288
28030
28432
29543
29466
31530
31185
33170
33621
33892
35967
35050
36626
36738
38145
38496
40138
39819
42620
42350
42938
42440
43327
45853
45793
46306
48435
48892
49484
49891
50419
52556
50889
52293
52971
54398
54751
55076
55200
56511
57045
56947
56779
57603
58797
58959
59008
58946
59309
60193
60845
60809
61171
60725
61097
60625
61432
61879
61362
62626
61652
61683
61562
62002
61765
61864
61801
61517
61632
60918
60711
60510
59108
58936
59147
58415
58572
57727
57913
57034
56548
56123
55810
54424
54442
53259
53943
53403
51754
51793
51253
49704
49341
48498
47344
46503
46999
45553
43857
43723
42736
41338
41249
39949
39926
38796
37239
37826
36814
36209
34816
34041
33155
33061
31660
31584
29046
29514
28501
28501
26432
25810
25304
25247
24449
22492
22061
20535
19932
19774
19384
18735
17796
17873
18208
16649
15362
14309
14367
14067
13285
12003
12721
12474
11437
10169
10363
10342
10193
9977
8621
8211
8751
9483
8590
8685
8664
7548
7957
7844
8368
8756
9254
7765
7996
8311
8965
8948
8713
9834
9527
9376
10679
10758
10621
10777
11407
11215
11647
12886
14209
13133
13958
14695
15193
16217
16714
17257
17661
18412
19664
20499
21674
22175
22711
22966
23857
24743
24885
25799
25841
27284
28755
28749
29038
30939
31307
31831
33157
33648
34130
35512
36890
36365
36771
39059
39083
41086
40320
42509
43442
44278
43423
44782
46431
47303
47820
48117
48037
49818
50543
50693
51385
53889
53215
54626
54704
55176
55130
55221
56343
56554
57865
57840
58662
58565
59311
59642
60345
59340
59870
60064
60657
60982
61037
61538
62057
61779
61603
61840
62460
61276
61270
61291
60690
61200
61401
60600
61554
61609
60562
61057
59606
60101
58032
58660
57274
58289
57871
56480
56011
55712
54966
55031
53603
54156
54592
52860
53201
51248
51137
48659
48435
48073
47628
47668
45935
45310
43960
44433
44041
42759
41609
39661
40118
39259
37971
37338
36073
35174
35341
34336
32986
32738
30817
30868
30043
29008
29150
28456
27116
25566
24737
24086
22703
23160
22109
22995
21920
19575
18703
17350
17269
17430
17412
15994
14704
15816
15174
13527
13717
12439
11987
11832
11545
12070
11078
10317
10289
9429
9950
9836
8836
8456
8600
9023
8966
7637
7649
8084
7455
8690
7701
8397
7760
7759
8301
9321
8712
8370
9708
9175
10119
11470
11118
10499
11555
12327
13070
13419
12699
13300
13560
14133
14238
14999
16431
17709
17657
18571
18648
20769
21563
21488
22514
23655
22243
23132
25618
26760
26336
27712
27615
29618
30863
30892
31759
32535
33883
34465
36014
35942
36049
36995
38049
38611
39047
41241
41597
42705
42551
43585
43690
44804
45217
47461
46821
47708
48349
49233
50695
51475
52599
52225
52921
53443
54932
55588
55734
56744
58167
57791
57896
58025
58534
58916
59548
58194
60261
60397
60016
59489
61201
60505
61305
61644
61327
61452
62428
61743
61414
61689
61451
61414
61731
62535
62244
60748
60459
60956
61007
60030
59080
59003
58698
59334
58880
58630
57508
56632
56049
56078
55988
55309
54089
53582
53815
53348
52754
51802
50523
50028
49621
48698
47411
47642
45782
44995
44705
43924
42785
42511
42059
40725
40475
38302
38945
37298
37077
36381
33862
34427
33756
32556
31659
31292
29732
28895
28582
28157
26876
26394
24838
24557
23396
23269
22101
22156
20399
20732
19888
18797
17271
17256
16765
16527
15714
15225
14744
14126
12874
12867
11721
11827
11749
11788
11526
10738
9727
9499
9258
8707
9196
8323
8857
8703
9302
8743
7650
7697
8605
7889
8099
8569
9074
8041
8624
8379
9176
10258
9883
9576
9860
10000
10332
10835
11321
12299
11970
13134
13793
14911
14623
14332
14750
15792
16865
16485
17071
17959
18836
19595
20465
20952
21616
22525
23167
24856
26200
27042
26636
26750
28355
29649
29559
30059
31370
32514
34127
34676
34595
35917
36726
37423
38764
38687
39580
41208
40993
42657
44319
44243
44117
44361
46013
46881
47500
47683
48326
49728
51753
50997
51259
51759
54063
54684
53560
54447
55085
56596
57283
56956
57420
57880
59018
58903
59695
59843
59958
59177
59719
61233
61438
61325
60555
60495
61235
61649
61315
61409
60416
61235
60812
61912
61504
60545
60272
61583
61727
60977
61309
59868
59075
59268
58955
59168
57689
57138
57277
57054
56311
55945
55075
54686
54810
55245
53356
53120
52096
51891
50032
50427
50253
47960
48256
47483
46016
45285
44477
43402
42750
42175
42019
40041
39558
38466
37694
37354
35807
35618
34495
33820
34368
33366
31430
30765
29827
29354
28632
27102
26928
25848
24889
23725
23660
22324
22548
21568
20946
18774
18764
17155
18494
16550
16262
16027
16048
15019
13843
13035
13917
12500
11739
11995
11502
10481
9888
9691
9393
9580
8629
8699
8799
7648
8227
7982
8129
8281
9123
8959
7855
7989
7930
8044
7685
9188
8125
9012
9084
8487
9281
10580
10781
10350
10253
10499
11488
11996
11731
12788
12627
14192
13928
14627
16241
16211
16838
17601
17047
18502
20112
20382
20317
21321
22012
23266
23370
24534
25056
25495
26789
28055
28468
29871
29608
31658
31393
33279
33751
34263
36047
34928
36978
36790
38098
38979
40070
40292
42775
42289
42966
42505
43816
45963
45791
46658
48684
48892
49846
49636
51059
52300
50928
52725
53007
54609
54970
54900
55316
56762
57187
56645
56897
57956
58988
59002
58839
59025
59498
60562
60756
60767
61352
60743
60984
60716
61485
62074
61251
62728
61710
61360
61838
61931
61786
61785
61653
61769
61398
61007
60588
60236
58821
59267
58847
58540
58325
57694
57830
57030
56174
56333
55591
54331
54199
53475
53877
52976
51777
51644
50982
49641
48903
48547
46927
46751
46774
45213
43772
43761
42249
41412
40973
39877
39787
38510
37165
37740
36586
36022
34681
33742
33188
33092
31110
31574
28761
29396
28567
28009
26447
25416
25532
24957
24268
22247
21773
20358
19873
19724
19376
18366
17887
17926
18117
16278
15175
14259
14224
14088
13087
11789
12780
12435
11067
10314
10082
10504
10232
9651
8501
8202
8998
9420
8494
8581
8745
7297
8155
7725
8593
8794
9160
7709
7905
8627
9006
8837
8951
9873
9363
9686
10692
10659
10807
10622
11645
11200
11732
13236
14207
13143
13900
15003
15419
16243
16890
17416
17635
18691
19859
20773
21795
22466
22489
23268
23950
25021
24709
26064
25983
27658
28803
28802
29290
31230
31287
32180
33120
33879
34366
35746
36909
36306
37296
39064
39350
41060
40571
42921
43464
44269
43379
45419
46447
47695
47747
48095
48261
50158
50655
50570
52020
53817
53590
54511
55007
54807
55364
55462
56011
57205
57553
58342
58500
59009
58977
60044
60216
59351
59894
60216
60734
61070
61146
61765
61867
61770
61582
61998
62311
61329
61020
61469
60642
61418
61026
60665
