28991
29767
30553
31344
32136
32934
33731
34531
35332
36133
36930
37724
38519
39310
40097
40879
41657
42429
43198
43962
44718
45464
46220
46967
47706
48434
49147
49847
50529
51197
51853
52491
53116
53723
54310
54881
55431
55965
56479
56970
57439
57887
58313
58716
59093
59441
59766
60071
60349
60607
60844
61050
61234
61393
61526
61635
61720
61776
61806
61812
61792
61746
61676
61575
61453
61303
61129
60930
60707
60459
60187
59894
59577
59237
58871
58479
58060
57625
57162
56677
56174
55648
55105
54542
53960
53360
52744
52108
51459
50793
50113
49421
48713
47991
47256
46514
45759
45010
44250
43482
42706
41928
41144
40357
39564
38767
37970
37171
36369
35568
34764
33965
33164
32367
31574
30786
30000
29222
28450
27679
26918
26166
25416
24669
23931
23207
22496
21795
21112
20443
19788
19150
18526
17919
17331
16763
16213
15681
15167
14677
14206
13758
13332
12926
12549
12199
11874
11569
11292
11036
10800
10593
10408
10249
10115
10004
9921
9865
9835
9828
9847
9894
9965
10065
10188
10338
10511
10709
10933
11183
11452
11747
12063
12402
12766
13159
13578
14012
14474
14959
15460
15984
16526
17091
17671
18270
18970
19678
20329
21037
21809
22501
23210
23932
24664
25407
26160
26907
27668
28438
29214
29990
30775
31563
32356
33155
33954
34754
35557
36359
37161
37962
38553
39406
40166
40908
41638
42420
43194
43965
44728
45484
46238
46984
47720
48444
49156
49857
50544
51215
51870
52507
53132
53739
54327
54897
55448
55983
56497
56985
57453
57903
58329
58734
59111
59460
59783
60088
60365
60623
60862
61070
61256
61413
61545
61655
61739
61795
61827
61831
61810
61762
61690
61588
61464
61317
61142
60943
60719
60470
60198
59905
59588
59247
58882
58489
58069
57632
57169
56685
56183
55658
55114
54552
53969
53370
52755
52118
51469
50806
50126
49435
48726
48006
47273
46531
45776
45028
44267
43498
42723
41946
41161
40373
39580
38780
37980
37180
36379
35576
34774
33973
33175
32377
31580
30790
30002
29222
28451
27681
26919
26166
25417
24670
23933
23206
22493
21793
21109
20440
19786
19147
18523
17917
17329
16758
16208
15675
15163
14674
14207
13760
13334
12929
12550
12198
11873
11567
11289
11032
10796
10591
10407
10249
10116
10006
9922
9867
9835
9829
9849
9897
9968
10066
10189
10339
10513
10710
10934
11184
11451
11747
12063
12402
12768
13163
13582
14016
14478
14961
15463
15988
16531
17099
17681
18281
18900
19538
20193
20863
21548
22246
22963
23691
24433
25184
25946
26700
27466
28240
29018
29802
30593
31386
32185
32991
33796
34603
35411
36218
37024
37829
38633
39430
40222
41011
41798
42576
43351
44118
44876
45624
46378
47124
47860
48584
49295
49995
50678
51345
51998
52636
53257
53860
54444
55012
55558
56088
56597
57085
57553
57997
58419
58818
59188
59533
59856
60155
60429
60681
60912
61113
61293
61445
61574
61678
61755
61805
61832
61832
61805
61754
61678
61575
61445
61290
61112
60910
60677
60424
60151
59851
59527
59182
58813
58413
57990
57546
57079
56591
56082
55554
55007
54439
53853
53250
52629
51991
51336
50670
49988
49288
48577
47854
47118
46373
45619
44869
44107
43339
42563
41784
41000
40212
39421
38624
37824
37024
36222
35418
34616
33816
33016
32219
31428
30640
29853
29074
28300
27532
26769
26019
25268
24522
23787
23064
22352
21655
20972
20306
19654
19017
18396
17794
17211
16644
16097
15570
15062
14575
14108
13667
13245
12844
12474
12129
11809
11511
11237
10983
10750
10550
10371
10217
10087
9983
9905
9853
9826
9827
9854
9903
9980
10083
10212
10365
10544
10744
10976
11229
11503
11801
12122
12467
12836
13239
13661
14104
14571
15056
15566
16094
16642
17208
17792
18393
19168
19873
20419
21268
21945
22643
23354
24077
24811
25556
26307
27057
27820
28590
29366
30142
30928
31715
32507
33305
34104
34903
35706
36507
37310
38110
38731
39500
40299
40965
41784
42560
43338
44107
44869
45621
46376
47120
47857
48580
49291
49989
50673
51340
51993
52634
53257
53858
54445
55013
55563
56092
56600
57087
57556
58002
58425
58825
59195
59540
59860
60157
60432
60684
60917
61119
61298
61451
61579
61684
61762
61810
61838
61836
61809
61756
61678
61574
61445
61292
61110
60907
60674
60419
60144
59847
59527
59181
58812
58412
57989
57545
57078
56591
56081
55550
55001
54434
53851
53247
52626
51988
51333
50666
49984
49285
48572
47850
47115
46371
45616
44863
44101
43330
42552
41774
40990
40201
39409
38611
37813
37013
36212
35410
34609
33808
33009
32212
31422
30633
29846
29069
28293
27524
26763
26014
25264
24521
23785
23064
22353
21654
20972
20306
19654
19017
18397
17796
17211
16643
16097
15567
15057
14572
14104
13662
13242
12842
12473
12128
11807
11508
11235
10981
10747
10548
10370
10217
10088
9984
9907
9856
9830
9828
9855
9905
9982
10087
10217
10370
10550
10751
10983
11236
11509
11811
12131
12475
12844
13246
13669
14112
14578
15064
15570
16098
16643
17211
17796
18399
19021
19659
20314
20984
21671
22374
23089
23818
24560
25313
26068
26816
27580
28349
29122
29898
30682
31468
32259
33058
33860
34662
35465
36266
37066
37867
38666
39463
40250
41034
41815
42585
43357
44121
44876
45619
46373
47117
47853
48575
49286
49986
50669
51336
51990
52627
53247
53851
54434
55001
55547
56076
56586
57074
57541
57984
58408
58808
59179
59524
59845
60142
60415
60668
60903
61103
61281
61436
61564
61668
61745
61796
61823
61824
61797
61746
61669
61564
61435
61282
61101
60901
60667
60414
60139
59841
59522
59176
58806
58406
57983
57542
57077
56592
56084
55554
55006
54438
53854
53251
52630
51993
51340
50674
49991
49292
48581
47858
47121
46376
45622
44869
44107
43339
42561
41784
40998
40209
39416
38619
37819
37020
36218
35416
34614
33815
33015
32216
31424
30638
29851
29075
28301
27531
26770
26020
25270
24524
23788
23065
22355
21655
20972
20306
19653
19017
18396
17795
17212
16644
16097
15570
15059
14574
14108
13666
13245
12845
12475
12131
11810
11512
11237
10985
10753
10553
10375
10222
10093
9990
9913
9859
9832
9832
9858
9909
9987
10090
10221
10375
10553
10753
10985
11238
11510
11808
12130
12475
12847
13248
13670
14111
14578
15065
15573
16101
16649
17215
17800
18403
19176
19883
20427
21276
21952
22651
23363
24086
24821
25568
26320
27070
27834
28603
29377
30154
30942
31728
32520
33318
34118
34918
35721
36524
37325
38125
38745
39515
40315
40980
41798
42575
43351
44119
44882
45633
46390
47133
47868
48590
49302
50000
50682
51349
52002
52638
53258
53861
54447
55014
55562
56092
56601
57087
57555
57998
58419
58820
59189
59533
59851
60146
60424
60676
60912
61112
61292
61446
61577
61682
61760
61812
61839
61839
61812
61761
61683
61578
61449
61295
61116
60915
60683
60430
60157
59860
59542
59194
58823
58423
57999
57556
57088
56601
56090
55560
55013
54447
53860
53256
52634
51995
51340
50674
49992
49293
48580
47857
47119
46374
45618
44867
44104
43334
42555
41779
40992
40203
39410
38613
37811
37011
36206
35404
34602
33803
33004
32206
31415
30626
29840
29063
28288
27518
26756
26005
25254
24510
23777
23056
22347
21649
20967
20301
19647
19010
18389
17789
17206
16639
16090
15562
15054
14567
14101
13661
13239
12837
12467
12123
11803
11506
11232
10978
10744
10543
10364
10210
10082
9979
9903
9853
9827
9825
9852
9902
9980
10085
10215
10369
10548
10747
10980
11234
11508
11806
12126
12471
12842
13245
13665
14107
14574
15062
15570
16098
16644
17210
17793
18394
19013
19652
20306
20971
21652
22352
23068
23798
24538
25289
26043
26803
27574
28350
29130
29914
30706
31500
32295
33097
33902
34709
35517
36328
37136
37945
38751
39555
40354
41148
41938
42715
43490
44259
45020
45769
46524
47267
47997
48716
49425
50116
50798
51463
52115
52751
53369
53969
54550
55113
55655
56179
56682
57163
57625
58062
58482
58875
59242
59581
59897
60191
60459
60707
60932
61130
61303
61451
61575
61675
61748
61796
61815
61809
61779
61721
61638
61526
61395
61239
61053
60848
60611
60353
60075
59772
59447
59099
58723
58319
57894
57446
56978
56490
55976
55443
54892
54323
53735
53129
52504
51865
51210
50539
49854
49157
48443
47716
46978
46232
45478
44722
43961
43190
42415
41634
40847
40056
39262
38461
37659
36858
36054
35252
34450
33649
32852
32054
31262
30475
29688
28912
28137
27367
26609
25860
25108
24367
23633
22913
22202
21511
20831
20168
19519
18886
18269
17672
17090
16528
15985
15462
14960
14476
14012
13575
13156
12764
12400
12062
11745
11452
11183
10934
10711
10514
10341
10192
10068
9968
9896
9850
9829
9835
9864
9917
10001
10111
10245
10404
10591
10797
11033
11292
11569
11872
12197
12545
12921
13327
13752
14200
14669
15160
15675
16209
16760
17330
17918
18525
19361
19946
20636
21351
22092
22791
23504
24231
24968
25716
26466
27219
27980
28750
29524
30303
31088
31877
32671
33469
34270
35069
35871
36673
37475
38275
38910
39726
40492
41160
41944
42719
43495
44263
45022
45769
46526
47269
48002
48723
49434
50126
50808
51470
52120
52755
53370
53968
54550
55115
55658
56181
56681
57163
57627
58063
58482
58876
59240
59580
59897
60190
60460
60711
60936
61134
61307
61455
61579
61679
61749
61798
61819
61814
61783
61727
61645
61534
61403
61245
61060
60855
60618
60362
60085
59779
59454
59106
58727
58322
57894
57445
56975
56483
55968
55435
54884
54313
53725
53119
52496
51856
51200
50531
49847
49146
48433
47706
46968
46220
45466
44713
43952
43182
42408
41629
40842
40053
39260
38462
37663
36863
36062
35260
34457
33656
32856
32058
31266
30479
29695
28920
28146
27378
26618
25870
25116
24372
23639
22919
22211
21520
20841
20178
19528
18892
18274
17674
17092
16528
15985
15463
14961
14476
14013
13577
13157
12763
12399
12061
11743
11450
11181
10932
10707
10509
10336
10185
10062
9961
9892
9847
9827
9833
9864
9918
10003
10114
10247
10404
10590
10795
11032
11288
11565
11868
12193
12543
12920
13325
13750
14197
14667
15156
15671
16203
16754
17323
17911
18515
19138
19776
20431
21100
21785
22486
23198
23924
24665
25420
26168
26921
27682
28454
29228
30011
30800
31589
32382
33180
33980
34779
35578
36380
37184
37985
38785
39584
40376
41164
41948
42723
43499
44264
45017
45763
46519
47263
47995
48715
49422
50112
50791
51454
52105
52739
53357
53958
54541
55105
55646
56172
56675
57158
57621
58057
58476
58869
59235
59574
59892
60187
60456
60704
60928
61126
61299
61449
61571
61670
61742
61790
61810
61803
61772
61716
61634
61525
61389
61232
61045
60840
60603
60344
60068
59764
59439
59089
58711
58308
57881
57433
56964
56475
55961
55430
54879
54309
53721
53113
52488
51849
51191
50520
49837
49137
48424
47698
46961
46214
45460
44707
43945
43177
42400
41620
40835
40044
39251
38452
37650
36848
36046
35245
34444
33645
32847
32049
31257
30471
29687
28912
28139
27370
26610
25862
25109
24366
23633
22913
22206
21514
20834
20171
19522
18887
18270
17675
17093
16529
15986
15463
14962
14480
14019
13583
13162
12769
12405
12065
11749
11456
11187
10939
10715
10518
10344
10194
10073
9973
9902
9855
9831
9837
9868
9923
10005
10115
10247
10403
10588
10794
11031
11286
11564
11868
12193
12542
12917
13322
13746
14195
14663
15152
15666
16199
16751
17320
17909
18514
19350
19936
20626
21342
22081
22782
23494
24221
24958
25705
26455
27209
27970
28741
29515
30296
31082
31871
32666
33466
34266
35066
35869
36672
37474
38275
38909
39722
40489
41155
41940
42716
43492
44261
45021
45770
46526
47267
48002
48722
49430
50121
50801
51464
52113
52748
53363
53961
54543
55107
55652
56177
56680
57161
57625
58061
58480
58870
59236
59575
59892
60186
60456
60705
60932
61130
61305
61455
61577
61678
61748
61795
61816
61811
61780
61723
61639
61529
61395
61238
61053
60848
60612
60356
60079
59776
59450
59101
58725
58320
57892
57444
56975
56484
55970
55437
54885
54317
53728
53119
52494
51853
51198
50528
49845
49145
48432
47704
46964
46217
45463
44708
43946
43175
42399
41621
40833
40043
39246
38449
37649
36848
36046
35244
34442
33643
32848
32049
31257
30470
29686
28911
28138
27372
26613
25864
25110
24367
23633
22912
22202
21511
20833
20172
19524
18889
18274
17676
17094
16531
15987
15461
14958
14475
14012
13576
13156
12763
12397
12060
11744
11450
11181
10933
10713
10515
10343
10193
10068
9969
9897
9850
9829
9835
9866
9921
10007
10118
10251
10409
10594
10801
11038
11294
11571
11872
12197
12546
12923
13328
13750
14197
14665
15156
15669
16202
16753
17324
17912
18517
19141
19778
20432
21099
21781
22481
23193
23920
24657
25405
26159
26918
27688
28465
29241
30028
30823
31621
32428
33235
34039
34845
35651
36458
37265
38070
38874
39679
40477
41274
42065
42847
43629
44399
45163
45917
46672
47414
48143
48863
49572
50262
50936
51593
52236
52868
53480
54076
54656
55216
55759
56281
56782
57258
57715
58148
58564
58951
59312
59647
59960
60247
60513
60758
60976
61172
61338
61483
61603
61696
61764
61805
61820
61812
61778
61717
61629
61513
61374
61215
61024
60812
60571
60308
60026
59719
59390
59035
58657
58245
57817
57362
56889
56395
55876
55337
54781
54205
53612
53001
52374
51731
51074
50397
49708
49005
48289
47559
46819
46065
45316
44560
43795
43022
42243
41463
40674
39885
39091
38291
37493
36690
35888
35085
34283
33482
32684
31888
31099
30311
29527
28754
27979
27213
26457
25708
24954
24212
23483
22763
22057
21367
20693
20031
19388
18757
18145
17549
16972
16412
15872
15351
14852
14374
13916
13485
13070
12681
12324
11990
11674
11387
11120
10875
10657
10464
10298
10151
10032
9938
9872
9832
9818
9828
9864
9927
10014
10132
10273
10433
10621
10834
11074
11335
11619
11928
12260
12616
13000
13411
13838
14291
14763
15258
15774
16310
16865
17438
18030
18639
19446
20117
20766
21563
22220
22922
23637
24366
25105
25856
26603
27357
28121
28894
29668
30448
31236
32026
32821
33619
34420
35227
36030
36833
37635
38353
39079
39872
40621
41317
42100
42876
43652
44417
45175
45928
46682
47422
48152
48870
49577
50267
50942
51604
52249
52882
53488
54083
54659
55219
55760
56280
56778
57257
57714
58144
58561
58946
59306
59644
59956
60243
60507
60753
60970
61164
61332
61478
61598
61691
61757
61797
61813
61803
61769
61707
61619
61501
61361
61200
61010
60799
60557
60295
60008
59700
59372
59018
58638
58228
57801
57347
56872
56377
55861
55323
54768
54193
53603
52991
52363
51719
51063
50391
49699
48996
48280
47549
46810
46060
45310
44554
43788
43014
42237
41453
40665
39877
39083
38285
37485
36684
35883
35080
34277
33479
32681
31884
31093
30306
29526
28754
27979
27218
26459
25710
24957
24215
23486
22767
22061
21370
20694
20032
19388
18758
18147
17551
16973
16413
15873
15351
14854
14375
13916
13484
13069
12680
12321
11987
11675
11387
11121
10876
10659
10467
10301
10155
10038
9944
9876
9835
9819
9830
9864
9925
10013
10131
10271
10433
10623
10835
11074
11335
11620
11928
12258
12614
12995
13407
13835
14289
14763
15256
15771
16307
16862
17435
18028
18638
19268
19911
20568
21241
21926
22627
23341
24069
24809
25558
26300
27050
27807
28576
29349
30127
30912
31702
32497
33301
34105
34909
35712
36514
37316
38115
38909
39704
40495
41284
42069
42848
43624
44390
45149
45901
46662
47410
48147
48869
49578
50269
50948
51610
52255
52880
53491
54086
54662
55222
55764
56289
56788
57266
57726
58160
58576
58963
59322
59657
59969
60256
60523
60768
60984
61178
61346
61493
61613
61710
61776
61816
61830
61819
61785
61727
61637
61520
61380
61220
61030
60817
60575
60313
60029
59720
59390
59034
58653
58244
57817
57360
56885
56389
55870
55333
54777
54204
53612
53001
52375
51729
51069
50396
49709
49008
48294
47564
46827
46075
45322
44566
43802
43028
42250
41469
40682
39891
39098
38296
37496
36693
35890
35089
34286
33487
32688
31891
31103
30314
29528
28753
27978
27213
26455
25707
24957
24216
23486
22769
22062
21371
20697
20037
19392
18764
18152
17554
16976
16417
15876
15355
14858
14380
13921
13491
13076
12686
12326
11991
11679
11390
11124
10879
10660
10466
10300
10156
10035
9940
9873
9831
9816
9829
9861
9923
10010
10129
10268
10431
10619
10831
11072
11334
11618
11926
12256
12609
12992
13404
13833
14288
14761
15255
15773
16310
16866
17441
18032
18642
19451
20122
20772
21566
22223
22925
23640
24369
25108
25861
26609
27364
28127
28902
29678
30458
31244
32033
32827
33624
34425
35228
36030
36831
37635
38351
39078
39872
40618
41315
42099
42875
43651
44416
45175
45925
46678
47420
48149
48866
49572
50263
50942
51604
52249
52880
53491
54087
54665
55223
55764
56287
56786
57262
57721
58152
58568
58953
59310
59643
59957
60246
60513
60759
60978
61172
61340
61486
61605
61700
61768
61809
61824
61814
61780
61720
61634
61515
61377
61215
61027
60814
60574
60312
60030
59722
59391
59034
58652
58239
57811
57357
56883
56387
55870
55331
54775
54203
53609
52999
52370
51726
51067
50392
49705
49003
48286
47559
46822
46070
45319
44562
43799
43027
42251
41471
40683
39893
39099
38301
37502
36701
35899
35096
34294
33495
32698
31902
31113
30326
29541
28766
27990
27224
26467
25718
24965
24224
23493
22775
22067
21376
20700
20038
19392
18762
18149
17553
16975
16417
15877
15356
14858
14378
13920
13489
13074
12685
12328
11993
11681
11393
11127
10882
10664
10471
10306
10160
10041
9947
9881
9841
9825
9836
9870
9929
10017
10135
10276
10439
10628
10839
11082
11342
11625
11933
12261
12617
13001
13413
13840
14294
14770
15264
15779
16317
16872
17444
18036
18645
19273
19917
20573
21246
21933
22635
23348
24074
24812
25563
26310
27067
27833
28605
29378
30162
30955
31749
32547
33351
34158
34968
35778
36589
37399
38203
39005
39805
40600
41393
42180
42962
43744
44519
45283
46040
46798
47544
48279
49001
49709
50401
51077
51738
52381
53009
53620
54209
54782
55336
55870
56389
56886
57359
57816
58246
58660
59040
59394
59721
60028
60309
60568
60807
61017
61205
61366
61505
61621
61707
61768
61802
61813
61795
61752
61687
61591
61473
61325
61157
60963
60741
60496
60229
59942
59631
59297
58940
58552
58141
57710
57252
56776
56277
55757
55214
54654
54076
53481
52869
52238
51594
50932
50257
49568
48862
48145
47416
46676
45921
45169
44411
43647
42872
42095
41311
40522
39732
38935
38138
37338
36538
35737
34934
34133
33333
32535
31740
30951
30163
29385
28609
27836
27072
26317
25569
24819
24079
23349
22635
21933
21245
20572
19915
19271
18643
18033
17441
16868
16313
15776
15261
14767
14294
13840
13411
13001
12619
12262
11934
11625
11343
11081
10840
10628
10439
10277
10137
10021
9934
9874
9840
9829
9845
9886
9953
10047
10165
10311
10477
10670
10889
11134
11401
11688
12001
12336
12696
13084
13499
13931
14390
14869
15365
15886
16427
16984
17561
18158
18769
19563
20191
20877
21673
22365
23072
23790
24519
25259
26013
26761
27519
28284
29059
29833
30615
31403
32191
32987
33785
34583
35386
36188
36989
37791
38438
39167
40069
40676
41471
42249
43024
43797
44560
45316
46065
46816
47556
48284
48999
49701
50390
51064
51719
52363
52989
53600
54190
54764
55321
55859
56378
56870
57343
57795
58223
58636
59016
59373
59703
60012
60295
60557
60797
61008
61197
61359
61499
61617
61707
61769
61804
61815
61801
61759
61691
61596
61476
61330
61163
60972
60754
60508
60241
59955
59643
59309
58949
58563
58148
57716
57258
56780
56282
55762
55222
54662
54083
53488
52875
52244
51599
50939
50261
49571
48864
48145
47416
46676
45922
45170
44410
43647
42870
42094
41310
40522
39731
38935
38134
37334
36532
35730
34928
34126
33326
32528
31732
30942
30154
29375
28600
27827
27062
26305
25559
24808
24069
23339
22625
21922
21235
20561
19904
19262
18635
18024
17433
16860
16308
15772
15256
14763
14290
13837
13409
12998
12615
12260
11932
11623
11338
11077
10837
10625
10437
10275
10137
10020
9934
9872
9838
9828
9843
9882
9948
10042
10161
10307
10474
10668
10887
11133
11398
11685
11999
12333
12695
13083
13499
13931
14389
14867
15364
15886
16426
16986
17562
18158
18770
19400
20044
20705
21379
22068
22773
23491
24220
24958
25711
26451
27203
27960
28728
29495
30272
31054
31837
32630
33426
34225
35025
35827
36630
37434
38237
39039
39832
40622
41409
42189
42965
43737
44499
45257
46013
46772
47520
48256
48978
49687
50380
51059
51724
52370
52998
53610
54205
54780
55334
55868
56383
56876
57348
57805
58234
58647
59028
59385
59716
60024
60307
60568
60806
61019
61208
61368
61507
61625
61712
61775
61809
61819
61805
61763
61695
61600
61481
61336
61170
60975
60756
60510
60245
59959
59645
59309
58950
58562
58148
57715
57255
56781
56281
55760
55216
54659
54082
53485
52872
52241
51597
50936
50260
49567
48861
48143
47415
46673
45919
45168
44411
43648
42872
42096
41313
40525
39736
38940
38143
37342
36538
35736
34934
34132
33334
32536
31743
30953
30163
29386
28610
27835
27071
26316
25569
24816
24076
23346
22632
21930
21242
20567
19910
19268
18641
18032
17440
16866
16310
15772
15256
14762
14289
13835
13408
12996
12614
12260
11930
11622
11339
11078
10838
10626
10436
10276
10136
10021
9932
9871
9837
9826
9841
9883
9951
10046
10164
10310
10477
10670
10888
11133
11398
11686
11999
12334
12693
13083
13499
13930
14388
14865
15363
15884
16426
16985
17562
18158
18768
19562
20190
20876
21672
22361
23067
23786
24517
25259
26012
26761
27519
28283
29057
29830
30614
31402
32191
32989
33786
34586
35387
36188
36991
37797
38444
39175
40076
40682
41476
42255
43032
43806
44568
45324
46074
46825
47566
48296
49011
49713
50401
51076
51733
52375
53001
53610
54206
54778
55333
55865
56381
56876
57346
57802
58228
58640
59019
59374
59703
60012
60297
60559
60798
61008
61199
61361
61499
61617
61704
61766
61802
61812
61796
61754
61687
61594
61473
61330
61165
60971
60752
60508
60242
59953
59641
59305
58945
58558
58143
57711
57252
56775
56276
55754
55213
54652
54076
53478
52868
52237
51593
50931
50255
49566
48858
48139
47409
46668
45916
45164
44406
43642
42867
42090
41307
40516
39727
38930
38133
37334
36532
35731
34931
34129
33328
32530
31735
30946
30160
29381
28606
27834
27071
26315
25568
24816
24076
23347
22632
21930
21245
20572
19914
19272
18645
18034
17440
16865
16309
15776
15262
14768
14296
13842
13412
13000
12618
12262
11932
11624
11339
11078
10839
10626
10438
10275
10135
10019
9932
9870
9836
9828
9841
9883
9948
10041
10160
10305
10472
10665
10883
11128
11393
11682
11994
12327
12686
13075
13491
13922
14381
14860
15356
15876
16416
16975
17551
18145
18757
19387
20032
20691
21368
22057
22764
23482
24211
24953
25707
26454
27210
27976
28749
29523
30306
31095
31886
32683
33481
34283
35090
35898
36704
37511
38317
39123
39927
40724
41519
42307
43089
43867
44634
45393
46147
46904
47649
48384
49104
49812
50504
51180
51839
52484
53115
53724
54312
54883
55437
55971
56484
56972
57439
57885
58309
58712
59088
59440
59765
60073
60351
60609
60845
61051
61234
61391
61523
61634
61719
61774
61804
61810
61791
61742
61672
61572
61450
61302
61127
60928
60704
60456
60186
59891
59576
59235
58868
58478
58057
57620
57159
56676
56172
55647
55104
54542
53957
53359
52741
52105
51457
50792
50110
49418
48710
47990
47256
46513
45757
45008
44247
43480
42701
41924
41141
40352
39560
38761
37963
37162
36363
35562
34762
33962
33162
32365
31572
30783
29997
29217
28444
27674
26912
26158
25408
24660
23923
23200
22488
21788
21104
20435
19781
19141
18518
17913
17323
16754
16204
15671
15157
14667
14196
13749
13324
12917
12539
12191
11867
11563
11286
11029
10792
10587
10402
10245
10111
10002
9918
9863
9831
9825
9845
9892
9964
10065
10188
10336
10510
10707
10931
11181
11450
11744
12061
12400
12765
13159
13578
14013
14476
14961
15463
15988
16532
17096
17677
18274
18972
19680
20331
21039
21810
22502
23211
23932
24664
25409
26161
26908
27668
28436
29211
29988
30772
31559
32350
33148
33945
34746
35548
36351
37154
37955
38545
39398
40157
40901
41632
42413
43189
43960
44722
45479
46234
46982
47720
48448
49159
49862
50545
51215
51871
52513
53137
53744
54331
54899
55450
55983
56496
56986
57455
57905
58329
58733
59109
59458
59783
60086
60361
60618
60854
61059
61243
61401
61534
61644
61726
61780
61813
61819
61799
61751
61680
61580
61458
61308
61136
60937
60712
60463
60193
59898
59582
59243
58879
58488
58070
57635
57173
56689
56187
55661
55119
54555
53973
53374
52757
52123
51475
50811
50129
49437
48728
48005
47271
46528
45772
45024
44263
43494
42717
41939
41156
40368
39575
38774
37974
37173
36371
35568
34765
33964
33162
32364
31570
30780
29994
29215
28444
27672
26910
26156
25406
24659
23921
23196
22484
21784
21098
20427
19775
19136
18513
17908
17320
16751
16201
15668
15155
14665
14196
13748
13323
12918
12540
12191
11866
11561
11282
11025
10788
10582
10398
10239
10108
9997
9910
9855
9824
9817
9838
9885
9957
10057
10179
10329
10501
10699
10922
11171
11441
11734
12051
12391
12758
13154
13573
14008
14470
14954
15455
15980
16528
17092
17673
18272
18891
19527
20176
20839
21520
22212
22920
23641
24375
25120
25874
26616
27370
28129
28895
29663
30440
31223
32009
32799
33593
34386
35182
35979
36780
37576
38374
39171
39964
40756
41544
42327
43105
43876
44636
45389
46142
46897
47640
48373
49094
49803
50497
51173
51834
52479
53108
53720
54315
54887
55439
55973
56488
56979
57450
57896
58319
58722
59095
59444
59769
60077
60355
60613
60852
61057
61242
61398
61531
61641
61725
61781
61813
61819
61799
61752
61682
61584
61463
61314
61139
60943
60718
60469
60201
59907
59589
59249
58887
58495
58076
57641
57177
56694
56190
55664
55121
54558
53975
53376
52759
52124
51475
50809
50128
49435
48727
48005
47271
46527
45772
45024
44265
43494
42718
41940
41155
40368
39575
38777
37979
37179
36376
35574
34772
33972
33173
32374
31580
30791
30005
29226
28452
27683
26920
26166
25416
24670
23932
23205
22492
21792
21108
20439
19784
19147
18523
17918
17331
16760
16209
15676
15161
14672
14202
13754
13328
12921
12543
12194
11869
11566
11289
11030
10793
10588
10403
10245
10111
10000
9917
9862
9831
9824
9844
9892
9963
10064
10186
10336
10510
10707
10931
11180
11447
11741
12057
12397
12761
13155
13576
14011
14473
14957
15460
15985
16527
17087
17669
18268
18967
19674
20325
21032
21803
22493
23200
23921
24654
25399
26153
26902
27661
28429
29203
29978
30760
31547
32338
33135
33933
34730
35532
36335
37136
37936
38526
39377
40137
40882
41612
42392
43170
43939
44701
45456
46209
46956
47693
48420
49134
49836
50520
51191
51848
52488
53113
53722
54310
54880
55433
55965
56481
56972
57440
57889
58316
58722
59097
59446
59771
60075
60351
60610
60848
61054
61241
61399
61532
61643
61726
61781
61812
61818
61798
61750
61678
61577
61453
61303
61129
60931
60704
60455
60185
59892
59575
59236
58870
58478
58057
57620
57155
56671
56169
55645
55102
54539
53958
53359
52741
52106
51458
50796
50115
49424
48717
47998
47266
46523
45767
45020
44261
43492
42718
41941
41157
40369
39578
38781
37982
37182
36380
35578
34776
33977
33178
32379
31584
30796
30009
29229
28455
27684
26922
26168
25417
24669
23931
23204
22492
21791
21108
20439
19784
19146
18521
17915
17327
16757
16206
15673
15159
14669
14199
13751
13325
12920
12544
12195
11871
11568
11290
11033
10795
10589
10402
10244
10110
9997
9915
9860
9828
9822
9842
9891
9962
10061
10184
10334
10508
10707
10930
11179
11447
11741
12058
12398
12765
13159
13579
14015
14481
14965
15467
15992
16535
17099
17680
18278
18892
19527
20176
20839
21518
22211
22919
23639
24373
25115
25867
26615
27373
28140
28912
29686
30467
31253
32041
32836
33634
34434
35236
36040
36843
37645
38445
39249
40047
40842
41633
42415
43198
43974
44747
45509
46270
47022
47764
48494
49212
49916
50605
51280
51945
52589
53217
53825
54414
54986
55540
56073
56584
57069
57537
57982
58408
58809
59179
59522
59841
60134
60406
60659
60893
61094
61276
61431
61561
61665
61742
61793
61820
61820
61795
61744
61669
61565
61438
61287
61108
60909
60674
60419
60147
59848
59528
59185
58816
58417
57995
57554
57087
56601
56094
55564
55017
54448
53864
53261
52640
52002
51348
50680
49997
49298
48582
47859
47123
46379
45623
44872
44110
43341
42563
41785
40999
40210
39419
38619
37819
37019
36216
35414
34611
33811
33011
32213
31422
30635
29850
29072
28303
27537
26777
26025
25274
24528
23792
23069
22358
21660
20978
20312
19659
19021
18401
17799
17215
16648
16103
15575
15067
14581
14113
13670
13249
12846
12477
12128
11807
11510
11236
10981
10749
10549
10370
10215
10086
9982
9905
9854
9828
9827
9854
9902
9979
10083
10210
10364
10542
10743
10975
11228
11500
11797
12118
12463
12832
13235
13657
14099
14566
15052
15560
16089
16635
17203
17788
18389
19165
19871
20417
21267
21943
22642
23352
24074
24809
25554
26307
27058
27820
28591
29365
30142
30929
31716
32509
33306
34105
34903
35706
36508
37310
38109
38728
39498
40298
40962
41779
42561
43338
44107
44870
45620
46375
47119
47853
48577
49289
49988
50671
51338
51991
52630
53253
53855
54437
55007
55553
56082
56591
57077
57543
57986
58408
58804
59175
59520
59840
60139
60412
60667
60900
61099
61279
61431
61559
61663
61740
61791
61819
61819
61795
61746
61669
61566
61437
61287
61109
60909
60677
60424
60149
59851
59530
59183
58813
58414
57992
57551
57084
56599
56091
55561
55014
54445
53860
53257
52636
51998
51342
50676
49992
49293
48582
47857
47122
46376
45621
44872
44112
43344
42567
41791
41004
40216
39423
38625
37825
37025
36223
35422
34620
33820
33020
32223
31431
30644
29859
29082
28307
27537
26776
26026
25274
24527
23788
23065
22355
21655
20974
20309
19656
19020
18399
17797
17213
16646
16099
15569
15061
14574
14105
13663
13241
12839
12469
12125
11804
11507
11236
10983
10752
10552
10372
10218
10087
9982
9904
9854
9827
9827
9854
9905
9980
10084
10213
10368
10549
10748
10982
11236
11509
11806
12126
12468
12839
13241
13662
14104
14572
15058
15564
16093
16641
17208
17791
18392
19011
19650
20304
20968
21650
22347
23059
23781
24515
25259
26006
26749
27504
28266
29034
29803
30582
31364
32148
32938
33732
34524
35319
36115
36914
37708
38502
39293
40083
40872
41657
42433
43208
43977
44742
45496
46259
47013
47756
48487
49204
49907
50593
51265
51927
52573
53202
53813
54403
54977
55528
56061
56576
57067
57534
57976
58396
58796
59165
59510
59827
60123
60393
60645
60876
61076
61256
61411
61542
61646
61722
61772
61799
61798
61771
61721
61643
61539
61409
61259
61078
60878
60648
60396
60124
59827
59504
59157
58790
58391
57969
57527
57060
56574
56065
55538
54992
54425
53839
53239
52618
51980
51330
50666
49983
49283
48574
47852
47115
46369
45614
44863
44105
43335
42558
41780
40994
40206
39415
38618
37818
37018
36217
35416
34614
33812
33014
32215
31423
30636
29850
29072
28298
27529
26769
26020
25269
24523
23789
23066
22355
21656
20975
20310
19657
19017
18397
17794
17210
16642
16095
15567
15058
14572
14104
13662
13241
12837
12466
12121
11800
11498
11225
10971
10740
10541
10363
10209
10080
9976
9898
9850
9823
9822
9848
9899
9975
10079
10207
10362
10540
10739
10972
11227
11501
11799
12119
12468
12837
13238
13657
14098
14564
15050
15558
16086
16632
17200
17784
18387
19161
19867
20413
21263
21940
22638
23349
24072
24804
25550
26301
27053
27814
28583
29357
30138
30924
31712
32506
33305
34104
34906
35708
36505
37308
38105
38726
39495
40294
40960
41777
42555
43333
44104
44865
45615
46371
47118
47853
48574
49285
49981
50664
51331
51982
52622
53241
53843
54431
54997
55547
56075
56584
57070
57538
57979
58401
58799
59166
59512
59833
60131
60405
60659
60892
61094
61276
61428
61556
61660
61738
61789
61817
61816
61791
61740
61663
61559
61429
61275
61096
60894
60661
60411
60137
59839
59517
59172
58801
58399
57976
57532
57065
56580
56071
55541
54992
54423
53838
53236
52614
51976
51323
50656
49975
49275
48565
47844
47110
46365
45610
44858
44096
43327
42550
41773
40987
40200
39412
38613
37812
37012
36212
35411
34609
33810
33011
32213
31423
30636
29850
29074
28299
27529
26767
26017
25267
24522
23788
23066
22355
21656
20974
20308
19655
19016
18398
17796
17213
16646
16100
15569
15061
14573
14107
13663
13243
12841
12471
12125
11803
11504
11231
10979
10748
10547
10369
10216
10086
9981
9903
9851
9824
9823
9850
9899
9977
10082
10211
10364
10543
10742
10975
11228
11501
11800
12123
12467
12835
13237
13659
14099
14567
15054
15563
16093
16640
17207
17791
18393
19013
19648
20301
20966
21647
22347
23057
23779
24514
25262
26013
26763
27525
28295
29069
29846
30632
31418
32211
33010
33810
34609
35409
36208
37007
37807
38610
39409
40202
40994
41781
42557
43339
44114
44878
45629
46390
47141
47881
48611
49328
50031
50716
51385
52038
52678
53299
53905
54497
55070
55619
56151
56661
57147
57614
58052
58476
58874
59240
59582
59899
60195
60464
60713
60936
61132
61303
61452
61576
61679
61753
61802
61824
61818
61786
61733
61649
61538
61405
61247
61063
60856
60619
60363
60086
59782
59457
59108
58730
58325
57900
57451
56982
56490
55974
55439
54886
54316
53728
53120
52496
51856
51198
50526
49842
49142
48431
47705
46964
46217
45463
44707
43946
43176
42400
41619
40832
40043
39249
38451
37651
36850
36046
35244
34444
33644
32849
32051
31261
30475
29690
28915
28140
27372
26613
25865
25112
24369
23635
22916
22207
21515
20835
20170
19521
18886
18270
17674
17095
16535
15991
15467
14964
14480
14016
13580
13161
12766
12401
12062
11747
11453
11185
10935
10711
10512
10339
10189
10067
9968
9898
9852
9832
9838
9868
9920
10004
10115
10248
10410
10595
10801
11037
11295
11574
11877
12202
12551
12928
13334
13761
14209
14678
15169
15683
16215
16767
17336
17924
18530
19365
19949
20639
21352
22092
22788
23500
24226
24963
25709
26457
27211
27972
28743
29516
30295
31078
31867
32660
33458
34258
35057
35858
36660
37461
38262
38894
39709
40475
41144
41927
42702
43477
44246
45003
45751
46507
47250
47982
48704
49412
50104
50787
51451
52102
52738
53353
53951
54534
55096
55639
56165
56667
57148
57611
58048
58467
58861
59226
59564
59882
60177
60447
60696
60920
61117
61291
61438
61561
61661
61732
61780
61801
61798
61767
61713
61631
61521
61389
61233
61048
60843
60605
60349
60072
59768
59445
59095
58719
58316
57890
57444
56975
56486
55968
55435
54883
54313
53723
53114
52490
51851
51196
50526
49842
49141
48425
47697
46962
46213
45460
44706
43943
43173
42397
41618
40832
40041
39246
38448
37650
36851
36048
35247
34445
33646
32848
32048
31255
30466
29682
28909
28136
27368
26608
25862
25109
24367
23634
22913
22205
21512
20832
20169
19521
18887
18271
17673
17092
16528
15985
15460
14960
14477
14014
13579
13161
12767
12402
12062
11746
11451
11182
10933
10709
10512
10339
10189
10067
9967
9895
9848
9827
9834
9865
9921
10005
10115
10248
10404
10588
10794
11030
11286
11564
11869
12193
12543
12920
13324
13749
14197
14666
15156
15670
16203
16754
17323
17911
18515
19140
19779
20434
21102
21787
22489
23198
23924
24661
25409
26157
26903
27658
28422
29189
29962
30741
31522
32309
33101
33895
34687
35481
36275
37070
37861
38652
39445
40228
41011
41791
42564
43334
44100
44859
45606
46368
47117
47857
48586
49303
50008
50698
51370
52026
52667
53287
53892
54480
55050
55603
56137
56650
57139
57610
58052
58475
58875
59246
59588
59907
60201
60472
60722
60946
61143
61311
61457
61578
61676
61748
61796
61819
61813
61785
61730
61645
61532
61396
61237
61050
60844
60607
60350
60072
59767
59440
59090
58712
58309
57882
57432
56966
56475
55959
55428
54877
54309
53723
53115
52491
51851
51197
50528
49844
49145
48433
47706
46969
46222
45468
44714
43954
43183
42406
41625
40840
40050
39254
38457
37656
36855
36054
35252
34449
33649
32851
32052
31259
30472
29688
28912
28137
27369
26609
25859
25106
24363
23630
22909
22201
21509
20830
20167
19519
18884
18268
17671
17089
16526
15983
15459
14957
14473
14010
13575
13155
12761
12395
12057
11740
11446
11176
10928
10704
10507
10334
10184
10061
9960
9889
9842
9821
9826
9856
9910
9993
10103
10236
10394
10578
10784
11021
11277
11555
11860
12184
12535
12911
13317
13740
14189
14658
15149
15663
16196
16746
17317
17904
18511
19346
19932
20622
21337
22076
22778
23491
24217
24954
25702
26452
27205
27966
28737
29511
30290
31076
31865
32657
33455
34254
35054
35855
36655
37457
38257
38891
39705
40472
41140
41923
42698
43473
44241
45002
45743
46499
47241
47974
48695
49404
50095
50776
51440
52089
52725
53343
53941
54524
55087
55631
56156
56660
57141
57604
58043
58462
58855
59221
59562
59879
60177
60447
60697
60922
61120
61292
61440
61563
61662
61732
61778
61795
61787
61757
61703
61621
61509
61376
61218
61031
60825
60589
60330
60052
59747
59421
59073
58697
58292
57866
57417
56946
56457
55942
55411
54860
54289
53701
53097
52472
51832
51179
50508
49825
49125
48413
47685
46949
46202
45448
44694
43931
43160
42383
41605
40819
40028
39236
38439
37640
36839
36036
35238
34436
33635
32837
32039
31245
30457
29674
28897
28124
27355
26595
25847
25094
24352
23619
22900
22190
21498
20821
20160
19512
18876
18263
17663
17081
16519
15977
15453
14952
14468
14006
13570
13153
12758
12392
12053
11736
11442
11172
10924
10700
10502
10329
10179
10057
9957
9886
9841
9820
9829
9859
9914
9998
10107
10240
10399
10585
10792
11029
11287
11565
11869
12194
12544
12922
13329
13755
14203
14672
15162
15675
16206
16756
17325
17913
18519
19144
19785
20439
21109
21790
22490
23202
23929
24666
25413
26163
26919
27679
28448
29221
29999
30785
31574
32368
33165
33966
34766
35569
36371
37172
37971
38764
39560
40349
41137
41920
42696
43472
44240
45001
45749
46505
47250
47989
48712
49424
50121
50810
51481
52137
52777
53397
53999
54580
55144
55690
56217
56726
57214
57680
58119
58542
58935
59300
59639
59956
60251
60521
60764
60986
61183
61350
61493
61605
61696
61761
61800
61813
61805
61773
61713
61627
61510
61372
61208
61016
60804
60561
60297
60014
59706
59377
59023
58643
58231
57803
57350
56877
56383
55866
55328
54773
54200
53607
52997
52369
51725
51066
50394
49705
49005
48291
47561
46823
46071
45321
44564
43797
43023
42247
41469
40678
39888
39092
38295
37494
36693
35890
35089
34288
33493
32695
31899
31110
30320
29536
28762
27988
27224
26467
25718
24967
24226
23497
22780
22072
21382
20707
20046
19402
18770
18159
17564
16986
16427
15888
15364
14867
14388
13930
13500
13084
12695
12335
12000
11688
11400
11136
10891
10672
10479
10311
10166
10048
9954
9887
9847
9828
9837
9872
9931
10019
10134
10272
10434
10623
10834
11074
11336
11619
11925
12255
12608
12989
13401
13829
14284
14756
15251
15768
16305
16860
17433
18029
18639
19446
20117
20767
21564
22220
22922
23636
24364
25100
25852
26600
27358
28123
28895
29669
30448
31234
32023
32817
33614
34413
35213
36014
36815
37616
38332
39057
39851
40597
41293
42077
42853
43627
44392
45152
45902
46655
47396
48125
48844
49550
50240
50917
51579
52226
52855
53465
54063
54641
55202
55742
56263
56760
57238
57695
58127
58543
58930
59290
59624
59936
60224
60490
60734
60953
61145
61313
61456
61575
61669
61735
61778
61795
61783
61750
61688
61602
61487
61346
61185
60997
60786
60547
60285
60002
59695
59367
59011
58630
58218
57791
57338
56864
56371
55854
55316
54761
54188
53595
52984
52354
51711
51053
50378
49690
48987
48271
47540
46802
46050
45299
44544
43780
43006
42230
41452
40664
39875
39080
38282
37482
36680
35877
35075
34277
33477
32682
31885
31097
30311
29527
28753
27978
27214
26456
25708
24955
24214
23486
22769
22063
21372
20695
20035
19390
18760
18149
17553
16976
16415
15873
15354
14855
14377
13918
13486
13071
12682
12323
11987
11674
11387
11121
10876
10656
10462
10295
10150
10032
9938
9872
9832
9818
9830
9865
9925
10013
10129
10269
10430
10619
10832
11071
11336
11621
11930
12261
12615
12997
13410
13837
14291
14763
15256
15772
16308
16861
17436
18027
18636
19262
19904
20562
21237
21925
22628
23343
24073
24810
25562
26305
27054
27812
28577
29346
30120
30903
31687
32476
33268
34062
34857
35653
36447
37243
38038
38831
39622
40406
41185
41959
42725
43492
44252
45007
45752
46506
47250
47986
48709
49418
50113
50794
51462
52118
52758
53381
53984
54570
55133
55677
56201
56702
57186
57651
58091
58518
58914
59281
59620
59936
60229
60497
60745
60965
61160
61329
61475
61594
61686
61750
61788
61800
61788
61752
61693
61607
61493
61359
61200
61010
60796
60553
60292
60008
59699
59368
59013
58629
58217
57788
57335
56862
56367
55850
55314
54758
54183
53592
52982
52356
51714
51056
50383
49691
48986
48272
47544
46805
46054
45303
44547
43783
43012
42238
41456
40667
39878
39085
38287
37488
36685
35884
35082
34280
33481
32681
31885
31095
30308
29525
28752
27978
27213
26456
25708
24953
24213
23485
22765
22059
21373
20699
20037
19393
18760
18148
17552
16974
16415
15874
15354
14856
14378
13920
13488
13071
12681
12322
11987
11674
11387
11123
10881
10661
10474
10306
10160
10040
9946
9880
9840
9826
9837
9871
9933
10022
10138
10279
10440
10629
10840
11081
11343
11626
11934
12263
12617
12998
13410
13839
14288
14761
15255
15773
16310
16864
17438
18030
18640
19447
20118
20768
21564
22220
22926
23640
24370
25108
25861
26607
27363
28128
28902
29676
30460
31247
32039
32832
33630
34430
35232
36034
36835
37638
38357
39081
39875
40621
41317
42097
42874
43648
44413
45170
45922
46675
47414
48142
48861
49565
50250
50927
51589
52233
52865
53477
54074
54652
55211
55750
56270
56768
57244
57703
58137
58555
58941
59301
59635
59947
60235
60500
60750
60968
61164
61332
61478
61598
61690
61756
61796
61809
61798
61764
61704
61618
61502
61364
61203
61013
60800
60558
60295
60012
59705
59376
59021
58641
58229
57800
57345
56871
56378
55858
55323
54768
54195
53603
52992
52366
51721
51064
50389
49700
48996
48280
47553
46814
46064
45313
44558
43794
43021
42243
41465
40677
39886
39092
38295
37497
36693
35891
35090
34287
33487
32689
31893
31105
30319
29536
28763
27989
27222
26465
25718
24964
24222
23495
22776
22068
21378
20703
20042
19396
18765
18155
17560
16983
16424
15886
15365
14869
14389
13929
13497
13080
12691
12333
12001
11686
11396
11130
10883
10667
10474
10307
10161
10041
9946
9880
9838
9823
9832
9868
9929
10015
10131
10269
10431
10620
10832
11073
11334
11616
11926
12256
12611
12993
13406
13833
14286
14761
15257
15774
16311
16866
17440
18031
18640
19266
19909
20566
21240
21927
22631
23347
24075
24815
25567
26315
27072
27836
28609
29383
30162
30950
31739
32533
33332
34133
34935
35737
36538
37342
38142
38941
39737
40528
41318
42101
42872
43645
44408
45166
45916
46669
47411
48140
48860
49568
50262
50941
51604
52252
52883
53500
54102
54686
55251
55796
56318
56816
57291
57750
58181
58598
58986
59345
59683
59998
60286
60551
60795
61010
61202
61364
61505
61623
61710
61773
61808
61816
61798
61751
61681
61587
61469
61325
61160
60969
60752
60508
60242
59954
59641
59303
58944
58556
58141
57711
57253
56776
56278
55759
55215
54655
54076
53478
52866
52237
51591
50929
50251
49561
48855
48137
47410
46669
45916
45165
44408
43643
42868
42093
41311
40523
39732
38935
38137
37335
36533
35731
34930
34130
33330
32532
31738
30948
30160
29380
28605
27833
27069
26312
25564
24813
24073
23344
22629
21925
21236
20563
19904
19261
18634
18027
17436
16862
16308
15772
15256
14763
14289
13836
13409
12998
12614
12259
11929
11621
11337
11074
10836
10624
10436
10275
10135
10018
9932
9870
9835
9824
9839
9879
9946
10038
10157
10303
10471
10661
10880
11127
11393
11680
11994
12329
12688
13077
13491
13921
14379
14856
15356
15876
16418
16978
17557
18153
18766
19562
20191
20878
21674
22364
23069
23789
24518
25259
26012
26760
27518
28283
29057
29831
30617
31405
32195
32990
33788
34588
35388
36191
36993
37795
38441
39171
40073
40681
41474
42254
43032
43805
44569
45326
46077
46829
47568
48298
49014
49716
50405
51080
51738
52383
53010
53620
54214
54791
55347
55882
56400
56894
57365
57819
58247
58659
59040
59394
59725
60032
60315
60576
60817
61030
61220
61379
61518
61633
61720
61779
61816
61826
61812
61765
61697
61603
61484
61340
61173
60977
60760
60514
60249
59961
59649
59314
58955
58569
58153
57720
57261
56784
56285
55764
55223
54664
54085
53488
52875
52246
51599
50938
50261
49571
48863
48143
47414
46673
45918
45166
44408
43642
42865
42090
41306
40518
39727
38931
38133
37333
36530
35728
34925
34124
33325
32525
31732
30942
30155
29376
28603
27829
27065
26309
25561
24812
24072
23343
22630
21929
21243
20569
19912
19269
18639
18029
17439
16865
16311
15772
15258
14765
14290
13836
13410
12997
12615
12261
11932
11627
11344
11081
10841
10630
10439
10277
10138
10021
9935
9877
9843
9833
9847
9889
9957
10051
10170
10315
10482
10675
10892
11135
11401
11688
11997
12333
12693
13081
13496
13927
14386
14863
15361
15881
16420
16979
17557
18154
18765
19396
20039
20699
21373
22063
22770
23489
24220
24963
25715
26458
27210
27969
28737
29501
30275
31056
31838
32629
33421
34215
35010
35806
36600
37395
38188
38980
39772
40553
41336
42112
42883
43651
44407
45156
45902
46653
47393
48122
48845
49555
50247
50925
51588
52236
52866
53481
54080
54661
55226
55774
56300
56803
57283
57741
58172
58582
58967
59326
59661
59977
60268
60536
60782
60995
61188
61352
61495
61613
61701
61761
61798
61808
61794
61750
61681
61583
61462
61316
61146
60955
60739
60498
60233
59946
59635
59300
58939
58551
58135
57704
57241
56764
56265
55745
55205
54647
54070
53472
52860
52229
51583
50923
50246
49557
48853
48134
47405
46663
45910
45158
44398
43634
42857
42082
41295
40507
39721
38923
38125
37325
36524
35723
34922
34119
33317
32520
31727
30935
30146
29367
28592
27819
27055
26300
25553
24801
24063
23335
22622
21922
21232
20557
19901
19260
18634
18023
17430
16856
16301
15765
15249
14756
14282
13829
13402
12991
12610
12255
11926
11616
11334
11073
10832
10621
10430
10270
10134
10017
9928
9866
9832
9822
9836
9877
9944
10038
10157
10301
10469
10663
10881
11125
11390
11678
11990
12323
12682
13072
13487
13919
14377
14853
15351
15872
16413
16972
17551
18147
18759
19553
20183
20870
21665
22357
23064
23782
24510
25251
26004
26752
27510
28274
29048
29820
30604
31391
32180
32976
33774
34574
35376
36176
36977
37778
38423
39152
40054
40661
41455
42231
43007
43780
44545
45300
46053
46805
47544
48274
48990
49693
50382
51055
51714
52357
52984
53595
54187
54762
55318
55857
56374
56867
57337
57794
58220
58632
59012
59367
59696
60004
60287
60548
60788
61001
61190
61351
61489
61605
61693
61753
61787
61796
61782
61740
61674
61580
61460
61316
61150
60952
60736
60491
60226
59938
59625
59289
58929
58542
58126
57695
57240
56763
56266
55744
55203
54643
54068
53471
52857
52226
51580
50919
50243
49553
48847
48129
47400
46659
45905
45156
44399
43635
42861
42087
41303
40515
39723
38927
38130
37330
36529
35728
34926
34128
33329
32531
31739
30950
30161
29380
28607
27832
27069
