47361
46770
46068
45333
44599
43882
43214
42755
42337
42042
41837
41720
41678
41704
41701
41662
41573
41339
40940
40481
39950
39319
38590
37766
36968
36197
35475
34893
34414
34087
33856
33705
33683
33704
33716
33681
33594
33437
33171
32736
32208
31640
30963
30275
29606
28971
28337
27785
27431
27210
27160
27166
27286
27444
27624
27760
27880
27872
27743
27479
27156
26730
26206
25643
25101
24666
24237
23962
23783
23790
23912
24121
24499
24908
25285
25703
25975
26188
26301
26317
26218
25992
25765
25471
25192
25019
24894
24884
25050
25340
25724
26254
26892
27570
28204
28804
29303
29737
30043
30284
30392
30390
30328
30261
30212
30227
30314
30482
30769
31214
31766
32421
33160
33905
34677
35414
36050
36574
36991
37276
37441
37564
37630
37696
37736
37781
37909
38118
38440
38870
39442
40123
40857
41639
42413
43136
43783
44301
44713
45005
45168
45257
45230
45199
45153
45121
45220
45365
45574
45925
46376
46947
47554
48212
48893
49485
49921
50308
50558
50715
50640
50515
50322
50066
49789
49548
49348
49199
49194
49335
49572
49943
50278
50665
51087
51399
51626
51779
51777
51596
51336
51000
50469
49958
49425
48940
48476
48106
47888
47790
47812
47907
48069
48242
48372
48464
48436
48312
48107
47755
47296
46668
46011
45299
44581
43894
43225
42735
42384
42032
41866
41770
41762
41789
41754
41680
41568
41325
40951
40459
39852
39184
38447
37640
36894
36094
35383
34859
34406
34118
33888
33816
33811
33801
33830
33802
33725
33479
33150
32739
32265
31606
30870
30143
29520
28866
28240
27761
27434
27248
27151
27186
27296
27399
27523
27651
27740
27688
27517
27273
26896
26432
25940
25430
24907
24439
24088
23801
23716
23763
23917
24216
24584
24971
25387
25749
26056
26250
26369
26398
26271
26095
25874
25594
25319
25079
24974
25004
25108
25395
25794
26260
26889
27555
28176
28746
29269
29667
29966
30142
30280
30283
30275
30207
30155
30161
30180
30329
30612
31082
31646
32286
33050
33814
34588
35329
36052
36579
36972
37298
37529
37593
37616
37638
37668
37724
37839
38030
38373
38826
39398
40075
40859
41613
42381
43086
43722
44231
44605
44914
45045
45092
45099
45028
44935
44886
44917
45101
45319
45741
46210
46765
47401
48019
48696
49295
49783
50127
50373
50506
50542
50407
50250
49994
49728
49511
49345
49242
49301
49466
49703
50018
50378
50777
51185
51525
51799
51949
51908
51758
51446
51076
50637
50108
49580
49046
48603
48250
48019
47898
47899
47967
48089
48227
48346
48482
48495
48361
48133
47729
47188
46621
45914
45156
44444
43694
43090
42496
42048
41788
41634
41544
41493
41485
41476
41388
41235
40999
40640
40177
39602
38926
38171
37402
36654
35956
35241
34634
34251
33926
33748
33665
33619
33674
33683
33633
33564
33420
33114
32659
32128
31488
30845
30135
29418
28760
28172
27682
27319
27150
27053
27101
27201
27396
27570
27696
27746
27712
27590
27361
27014
26547
26038
25514
25065
24607
24267
24071
23952
23941
24102
24375
24748
25160
25560
25924
26234
26427
26504
26449
26347
26149
25894
25632
25371
25177
25067
25067
25161
25461
25912
26451
27002
27593
28263
28893
29408
29823
30155
30341
30418
30414
30378
30299
30262
30269
30362
30556
30895
31367
31908
32531
33302
34080
34875
35539
36165
36669
37133
37459
37641
37764
37813
37794
37801
37845
38015
38247
38606
39057
39671
40281
40983
41716
42490
43194
43873
44424
44835
45117
45272
45334
45320
45264
45164
45115
45123
45265
45488
45889
46359
46899
47504
48100
48731
49320
49791
50233
50479
50616
50588
50422
50197
49944
49678
49384
49197
49126
49134
49287
49504
49824
50265
50685
51098
51444
51716
51903
51883
51701
51403
51037
50576
50036
49518
48963
48516
48198
47944
47815
47811
47918
48094
48256
48458
48534
48570
48474
48190
47821
47312
46672
45923
45192
44509
43879
43274
42753
42297
41981
41832
41725
41711
41772
41747
41712
41551
41272
40921
40383
39802
39149
38394
37609
36844
36114
35457
34887
34482
34165
33968
33839
33796
33806
33812
33781
33647
33478
33174
32738
32252
31620
30905
30222
29541
28879
28226
27720
27400
27158
27046
27041
27168
27347
27560
27633
27705
27698
27555
27305
26948
26500
26016
25464
24943
24497
24146
23890
23759
23799
23931
24217
24578
24941
25340
25696
26019
26241
26355
26350
26247
26026
25760
25476
25260
25090
24981
24971
25152
25417
25858
26324
26878
27546
28156
28734
29266
29754
30106
30283
30419
30454
30369
30316
30201
30181
30249
30435
30757
31170
31691
32376
33159
33901
34625
35336
36011
36565
36991
37311
37538
37633
37695
37681
37690
37747
37847
38087
38482
38962
39537
40219
40977
41753
42511
43293
43977
44494
44872
45209
45365
45472
45477
45459
45405
45375
45387
45516
45769
46111
46569
47141
47729
48347
48931
49521
50071
50417
50665
50772
50764
50582
50337
50099
49856
49626
49419
49307
49284
49419
49678
50053
50472
50878
51278
51600
51892
52028
52052
51940
51668
51190
50680
50165
49611
49119
48665
48315
48111
47976
47919
47994
48205
48337
48467
48502
48492
48364
48099
47726
47239
46641
45928
45176
44475
43765
43107
42657
42263
41988
41799
41700
41694
41722
41709
41662
41556
41265
40850
40377
39816
39152
38433
37599
36827
36059
35361
34793
34319
34037
33811
33696
33687
33723
33710
33663
33580
33390
33080
32647
32097
31497
30829
30124
29465
28856
28217
27697
27386
27189
27149
27199
27316
27484
27684
27783
27894
27856
27718
27450
27088
26623
26118
25537
25007
24594
24166
23911
23785
23802
23950
24200
24602
24968
25371
25745
26039
26244
26341
26293
26184
25942
25718
25425
25156
24986
24882
24899
25070
25416
25827
26372
27004
27677
28308
28891
29410
29805
30079
30319
30370
30359
30312
30239
30185
30209
30317
30501
30851
31306
31878
32549
33315
34076
34845
35554
36167
36685
37074
37339
37472
37603
37660
37701
37742
37799
37950
38174
38512
38970
39577
40279
41018
41806
42582
43291
43905
44404
44769
45050
45201
45268
45214
45203
45159
45140
45240
45397
45618
46020
46502
47056
47695
48356
49024
49567
49997
50357
50605
50718
50644
50491
50287
50032
49747
49518
49301
49202
49243
49381
49652
50020
50367
50750
51160
51456
51691
51824
51765
51544
51294
50913
50363
49858
49327
48871
48407
48075
47863
47808
47827
47934
48104
48270
48400
48463
48427
48299
48039
47678
47176
46548
45872
45143
44447
43746
43103
42652
42305
41976
41822
41745
41767
41773
41734
41648
41526
41245
40840
40324
39711
39034
38274
37476
36720
35940
35287
34782
34332
34074
33862
33801
33796
33803
33832
33773
33689
33440
33066
32628
32149
31471
30730
30011
29392
28743
28133
27710
27372
27223
27144
27221
27304
27419
27557
27666
27740
27687
27482
27217
26830
26339
25840
25343
24810
24338
24031
23775
23706
23778
23977
24273
24674
25040
25438
25815
26100
26282
26391
26366
26245
26045
25798
25534
25249
25061
24969
25020
25148
25456
25880
26386
27035
27712
28286
28849
29367
29735
30019
30181
30289
30303
30286
30203
30157
30155
30213
30381
30689
31199
31780
32452
33226
33975
34761
35491
36173
36654
37060
37366
37544
37584
37626
37632
37683
37743
37855
38085
38450
38931
39521
40249
41023
41772
42514
43240
43819
44323
44678
44973
45078
45093
45089
45014
44913
44872
44954
45127
45370
45808
46294
46881
47534
48158
48817
49389
49840
50186
50384
50509
50504
50374
50200
49935
49668
49463
49308
49237
49337
49496
49749
50108
50443
50847
51251
51590
51832
51944
51890
51699
51381
50985
50532
50002
49455
48926
48513
48176
47973
47903
47894
47998
48102
48246
48356
48485
48477
48329
48060
47619
47071
46472
45761
45008
44278
43569
42951
42387
41998
41744
41600
41532
41471
41504
41470
41387
41206
40964
40570
40072
39481
38774
38020
37246
36502
35801
35113
34543
34179
33864
33727
33654
33640
33677
33674
33642
33540
33386
33022
32566
32018
31359
30688
29995
29278
28637
28053
27609
27279
27132
27072
27124
27251
27436
27605
27708
27751
27718
27551
27306
26922
26449
25946
25432
24980
24551
24204
24039
23931
23967
24147
24451
24826
25271
25638
25993
26281
26478
26505
26450
26319
26110
25865
25575
25325
25168
25062
25077
25200
25489
25954
26487
27012
27641
28313
28901
29410
29796
30091
30278
30313
30315
30266
30187
30152
30170
30299
30534
30862
31378
31936
32582
33375
34152
34967
35618
36238
36749
37200
37494
37682
37777
37824
37803
37797
37875
38051
38309
38698
39152
39779
40416
41147
41873
42650
43331
43993
44513
44887
45169
45294
45340
45333
45243
45152
45117
45140
45314
45553
45984
46482
47027
47625
48234
48866
49441
49905
50305
50510
50622
50587
50374
50147
49893
49620
49348
49182
49132
49148
49319
49575
49903
50344
50753
51179
51502
51773
51917
51854
51638
51332
50949
50463
49935
49421
48867
48444
48123
47885
47785
47819
47931
48118
48301
48456
48542
48545
48399
48113
47722
47175
46515
45777
45047
44353
43726
43148
42630
42222
41919
41791
41716
41720
41754
41720
41681
41504
41213
40819
40276
39683
39005
38231
37465
36697
35972
35318
34795
34399
34127
33940
33838
33789
33802
33814
33760
33625
33459
33099
32654
32145
31488
30796
30104
29417
28741
28138
27678
27340
27132
27050
27079
27218
27409
27575
27661
27711
27688
27541
27236
26888
26422
25926
25386
24850
24411
24079
23870
23746
23839
23958
24289
24635
25048
25413
25766
26072
26295
26372
26329
26220
25998
25691
25444
25243
25043
24980
25004
25211
25492
25943
26411
27023
27681
28265
28855
29385
29833
30145
30319
30441
30448
30349
30273
30195
30172
30273
30501
30832
31247
31806
32537
33318
34042
34768
35483
36146
36672
37055
37354
37550
37645
37692
37680
37703
37771
37891
38151
38592
39079
39650
40389
41156
41918
42664
43442
44110
44575
44940
45256
45396
45459
45481
45466
45404
45362
45411
45547
45827
46189
46651
47268
47871
48469
49058
49652
50136
50472
50719
50798
50762
50524
50296
50033
49801
49555
49383
49277
49281
49466
49738
50138
50525
50962
51347
51656
51916
52056
52018
51904
51578
51065
50552
50037
49533
49020
48574
48247
48073
47953
47915
48034
48248
48367
48472
48524
48487
48342
48034
47641
47149
46486
45791
45033
44327
43626
43022
42573
42212
41965
41775
41683
41701
41727
41725
41640
41513
41200
40766
40273
39706
39020
38248
37430
36656
35895
35218
34687
34245
33987
33780
33701
33697
33724
33712
33635
33565
33354
33030
32538
32000
31351
30689
29995
29335
28730
28110
27630
27360
27191
27186
27247
27355
27523
27696
27828
27886
27853
27690
27374
27015
26538
26020
25439
24932
24523
24094
23879
23788
23827
23991
24260
24663
25059
25462
25821
26087
26284
26355
26313
26142
25918
25672
25397
25141
24946
24873
24930
25124
25455
25872
26437
27065
27730
28350
28896
29403
29774
30035
30236
30277
30255
30223
30153
30102
30133
30273
30482
30866
31308
31933
32602
33378
34138
34912
35644
36266
36755
37132
37391
37511
37632
37691
37714
37765
37820
38009
38265
38600
39079
39709
40446
41193
41981
42729
43433
44006
44514
44869
45086
45204
45272
45231
45198
45177
45178
45300
45451
45707
46127
46625
47193
47838
48501
49156
49671
50108
50419
50647
50714
50639
50451
50233
49994
49682
49469
49284
49223
49267
49444
49723
50085
50449
50836
51241
51530
51719
51797
51713
51484
51223
50799
50268
49747
49210
48783
48338
47994
47855
47798
47827
47967
48138
48288
48422
48448
48393
48254
47963
47585
47048
46404
45723
44991
44310
43604
42998
42576
42233
41949
41793
41748
41782
41763
41703
41625
41449
41167
40749
40185
39599
38899
38132
37305
36556
35788
35156
34654
34272
34019
33827
33786
33794
33795
33830
33767
33628
33374
33001
32556
32004
31326
30587
29888
29257
28616
28051
27658
27336
27183
27148
27235
27335
27441
27582
27710
27717
27645
27436
27134
26719
26215
25744
25211
24711
24279
23947
23765
23706
23785
24031
24356
24734
25129
25495
25873
26120
26309
26381
26330
26223
26012
25748
25481
25202
25029
24979
25023
25180
25545
25945
26489
27168
27818
28391
28952
29443
29800
30038
30196
30277
30283
30248
30192
30151
30157
30240
30439
30764
31285
31902
32605
33392
34120
34891
35632
36282
36751
37129
37414
37564
37585
37645
37648
37689
37751
37900
38148
38540
39056
39660
40424
41169
41929
42660
43372
43934
44419
44746
45026
45102
45100
45078
45012
44911
44873
44987
45168
45472
45916
46409
46989
47670
48317
48959
49506
49930
50246
50433
50548
50498
50365
50170
49893
49650
49454
49309
49255
49352
49532
49813
50178
50524
50957
51331
51658
51858
51957
51879
51665
51299
50926
50450
49902
49352
48841
48444
48131
47937
47914
47909
48029
48160
48297
48393
48481
48467
48295
47997
47510
46976
46358
45600
44849
44127
43451
42841
42307
41942
41719
41599
41522
41452
41505
41458
41391
41151
40917
40492
39975
39355
38621
37867
37109
36356
35655
34984
34463
34114
33830
33710
33650
33658
33696
33666
33637
33533
33340
32946
32474
31922
31238
30546
29854
29148
28516
27968
27529
27247
27109
27061
27132
27312
27487
27640
27722
27735
27692
27518
27239
26858
26362
25854
25349
24881
24477
24185
24024
23938
23998
24201
24539
24944
25363
25732
26062
26343
26499
26501
26415
26292
26079
25813
25542
25270
25154
25062
25089
25260
25579
26058
26587
27134
27760
28432
28993
29504
29879
30143
30293
30323
30299
30256
30177
30129
30182
30312
30599
30952
31475
32058
32713
33517
34308
35093
35743
36344
36848
37301
37562
37739
37823
37846
37790
37813
37899
38094
38376
38785
39279
39900
40559
41301
42038
42777
43485
44111
44613
44957
45203
45332
45349
45332
45237
45142
45117
45155
45348
45631
46090
46590
47140
47752
48365
49001
49543
49992
50369
50551
50655
50571
50348
50113
49850
49562
49331
49172
49165
49195
49374
49642
49987
50444
50851
51257
51580
51845
51934
51850
51608
51291
50884
50383
49852
49312
48803
48393
48097
47877
47774
47863
47992
48171
48346
48489
48566
48556
48370
48070
47633
47046
46389
45625
44926
44222
43625
43039
42540
42176
41913
41786
41734
41727
41761
41717
41656
41454
41142
40702
40140
39560
38854
38077
37302
36532
35829
35220
34721
34338
34070
33895
33822
33794
33803
33805
33746
33608
33371
33024
32569
32026
31353
30663
29944
29283
28618
28030
27620
27294
27105
27050
27094
27277
27435
27579
27683
27731
27664
27482
27171
26786
26329
25812
25281
24752
24357
24033
23825
23754
23840
24023
24336
24694
25119
25473
25828
26139
26306
26372
26297
26160
25936
25626
25405
25195
25018
24962
25020
25262
25578
26029
26554
27146
27787
28371
28956
29463
29912
30180
30353
30471
30427
30343
30262
30196
30183
30301
30535
30909
31340
31931
32669
33462
34178
34908
35594
36235
36754
37134
37394
37552
37636
37661
37673
37697
37779
37935
38222
38656
39168
39780
40513
41283
42068
42807
43581
44205
44630
44983
45256
45415
45440
45452
45421
45383
45356
45413
45579
45878
46282
46767
47384
47987
48568
49156
49754
50204
50521
50739
50785
50704
50485
50214
49988
49736
49522
49322
49265
49294
49495
49803
50217
50619
51030
51406
51728
51948
52056
51995
51831
51483
50957
50465
49925
49418
48923
48503
48185
48038
47959
47903
48062
48271
48398
48481
48546
48449
48278
47947
47538
47026
46335
45638
44856
44167
43471
42903
42482
42144
41922
41742
41682
41707
41705
41708
41627
41456
41114
40664
40164
39573
38873
38090
37279
36521
35745
35093
34582
34162
33936
33736
33712
33691
33723
33715
33638
33511
33312
32949
32427
31896
31219
30533
29861
29204
28589
27977
27553
27292
27173
27174
27251
27370
27577
27706
27841
27881
27834
27634
27309
26916
26420
25891
25300
24830
24422
24053
23844
23771
23831
24009
24332
24749
25119
25557
25879
26137
26302
26352
26285
26106
25856
25592
25343
25102
24946
24868
24958
25194
25520
25974
26569
27195
27835
28460
29000
29486
29823
30075
30291
30297
30269
30220
30175
30126
30165
30327
30546
30965
31455
32071
32762
33559
34302
35061
35785
36413
36878
37201
37437
37564
37679
37726
37737
37779
37860
38025
38335
38698
39218
39856
40587
41342
42109
42853
43564
44112
44573
44907
45100
45233
45262
45217
45171
45171
45212
45335
45511
45778
46222
46725
47299
47955
48652
49269
49763
50194
50488
50671
50681
50604
50411
50179
49922
49643
49423
49250
49213
49278
49478
49795
50146
50530
50921
51307
51584
51742
51790
51688
51461
51161
50711
50168
49666
49123
48701
48256
47965
47823
47811
47875
48020
48197
48358
48454
48474
48376
48222
47909
47498
46928
46277
45609
44832
44173
43489
42912
42525
42168
41924
41776
41752
41794
41787
41691
41612
41427
41105
40640
40079
39458
38750
37979
37164
36394
35646
35079
34571
34215
33979
33823
33786
33826
33793
33837
33765
33577
33299
32936
32481
31875
31177
30454
29778
29110
28502
27946
27577
27297
27155
27154
27255
27342
27468
27608
27716
27714
27598
27393
27044
26628
26118
25639
25118
24618
24197
23882
23727
23716
23816
24073
24429
24797
25213
25561
25925
26153
26310
26391
26326
26164
25957
25691
25428
25146
25001
24961
25031
25250
25629
26046
26619
27301
27941
28510
29067
29532
29871
30067
30219
30275
30287
30218
30170
30162
30161
30261
30501
30860
31397
32052
32755
33524
34255
35039
35775
36377
36831
37200
37460
37571
37604
37653
37661
37702
37764
37931
38217
38620
39165
39798
40552
41335
42088
42789
43488
44041
44474
44803
45029
45103
45100
45046
44987
44894
44870
45001
45209
45554
45986
46503
47106
47780
48426
49051
49582
50012
50270
50456
50544
50452
50314
50096
49801
49597
49404
49287
49245
49380
49557
49866
50236
50605
51024
51393
51690
51869
51929
51845
51574
51224
50806
50315
49780
49249
48730
48370
48068
47914
47892
47915
48043
48187
48290
48401
48474
48428
48229
47907
47410
46849
46210
45439
44702
43986
43319
42715
42190
41867
41674
41567
41490
41456
41473
41447
41333
41117
40835
40410
39874
39216
38458
37725
36969
36221
35518
34856
34396
34029
33783
33690
33616
33658
33701
33658
33627
33504
33266
32859
32360
31795
31123
30406
29712
29030
28400
27867
27442
27207
27097
27059
27148
27330
27509
27651
27730
27736
27687
27485
27160
26753
26245
25728
25261
24788
24398
24148
23990
23904
24043
24266
24603
25002
25422
25792
26123
26353
26512
26480
26412
26236
26013
25774
25462
25229
25122
25048
25109
25310
25677
26168
26705
27259
27896
28520
29098
29580
29927
30181
30319
30334
30329
30275
30200
30151
30218
30390
30707
31068
31620
32216
32902
33717
34498
35264
35919
36465
36975
37392
37636
37775
37854
37885
37825
37843
37934
38152
38457
38872
39399
40006
40701
41454
42188
42894
43634
44209
44666
45002
45229
45341
45336
45307
45216
45124
45140
45202
45398
45726
46169
46686
47238
47877
48501
49137
49618
50083
50406
50580
50628
50520
50300
50071
49773
49491
49270
49149
49143
49206
49400
49690
50075
50509
50921
51291
51609
51836
51898
51795
51543
51203
50786
50240
49722
49180
48691
48315
48041
47839
47772
47865
48007
48177
48364
48490
48553
48523
48291
47961
47523
46907
46234
45462
44766
44102
43498
42934
42454
42104
41872
41768
41728
41749
41757
41704
41638
41396
41054
40590
40035
39408
38705
37925
37152
36392
35689
35096
34634
34281
34033
33878
33801
33785
33809
33801
33706
33577
33321
32923
32472
31899
31208
30534
29795
29161
28481
27934
27532
27261
27068
27041
27103
27292
27487
27593
27696
27728
27640
27423
27118
26677
26224
25681
25168
24675
24281
23976
23797
23758
23848
24075
24415
24780
25187
25551
25903
26179
26325
26373
26279
26131
25882
25559
25374
25178
24999
24955
25055
25311
25672
26127
26655
27287
27911
28504
29065
29565
29963
30219
30385
30469
30417
30337
30254
30190
30209
30341
30623
31010
31464
32083
32838
33608
34329
35080
35759
36373
36851
37202
37454
37578
37679
37677
37689
37735
37822
37987
38317
38756
39299
39946
40690
41431
42234
42968
43736
44316
44729
45066
45323
45445
45468
45465
45423
45383
45356
45459
45627
45941
46396
46908
47504
48121
48685
49289
49880
50296
50572
50737
50796
50675
50454
50185
49943
49694
49494
49306
49282
49328
49555
49881
50301
50727
51107
51472
51805
51969
52058
51984
51779
51388
50869
50356
49812
49324
48846
48454
48172
48017
47952
47937
48105
48286
48427
48491
48532
48437
48231
47910
47450
46899
46201
45492
44727
44019
43335
42822
42408
42079
41893
41725
41694
41715
41708
41691
41615
41406
41025
40570
40057
39454
38734
37924
37133
36367
35624
34992
34512
34125
33886
33723
33702
33679
33715
33692
33623
33461
33226
32837
32304
31762
31087
30404
29714
29077
28464
27885
27468
27244
27160
27166
27256
27399
27587
27731
27854
27868
27783
27566
27245
26833
26309
25773
25211
24738
24328
24000
23806
23800
23890
24076
24414
24833
25208
25635
25940
26157
26315
26344
26243
26050
25814
25524
25291
25039
24918
24874
24982
25244
25586
26067
26689
27335
27974
28584
29091
29558
29885
30119
30287
30313
30279
30222
30182
30171
30216
30387
30627
31061
31596
32238
32930
33718
34484
35267
35953
36537
36976
37286
37501
37612
37723
37759
37786
37818
37907
38084
38409
38796
39325
39989
40729
41524
42273
43006
43697
44222
44637
44967
45137
45256
45251
45213
45151
45153
45222
45346
45546
45833
46304
46821
47431
48099
48786
49376
49838
50255
50537
50710
50654
50551
50379
50118
49855
49595
49365
49218
49201
49278
49524
49863
50220
50589
51005
51349
51604
51765
51773
51634
51398
51075
50590
50051
49528
49018
48579
48157
47906
47782
47806
47890
48051
48204
48362
48447
48441
48314
48149
47817
47383
46808
46131
45428
44701
44032
43345
42810
42444
42084
41897
41758
41732
41769
41766
41674
41576
41371
41026
40542
39970
39314
38585
37780
37012
36231
35504
34934
34478
34158
33911
33812
33791
33806
33800
33818
33743
33538
33239
32837
32370
31752
31008
30294
29657
28969
28374
27845
27511
27264
27150
27171
27268
27360
27503
27630
27716
27698
27557
27325
26978
26530
26025
25540
25029
24548
24140
23834
23727
23748
23873
24155
24521
24887
25299
25648
26004
26192
26342
26404
26298
26142
25928
25644
25377
25123
24967
24969
25074
25326
25700
26166
26739
27446
28054
28624
29161
29613
29914
30114
30252
30274
30288
30230
30143
30159
30153
30304
30561
30963
31508
32159
32897
33658
34410
35181
35920
36478
36904
37247
37510
37585
37606
37656
37656
37694
37812
37980
38270
38729
39276
39949
40727
41476
42238
42928
43608
44131
44536
44869
45042
45102
45121
45060
44975
44901
44916
45070
45268
45667
46095
46645
47268
47908
48580
49196
49667
50066
50332
50486
50562
50423
50285
50053
49755
49567
49377
49271
49264
49423
49638
49953
50306
50684
51125
51472
51753
51918
51933
51830
51524
51162
50724
50206
49693
49149
48674
48315
48036
47907
47894
47952
48057
48211
48313
48435
48489
48386
48181
47838
47303
46737
46058
45297
44566
43837
43178
42596
42103
41823
41637
41549
41476
41468
41463
41408
41290
41057
40748
40291
39739
39065
38316
37560
36812
36079
35385
34743
34322
33959
33776
33689
33637
33671
33674
33636
33573
33456
33181
32757
32231
31641
30980
30255
29563
28909
28270
27743
27359
27164
27064
27060
27177
27356
27548
27666
27726
27720
27616
27446
27092
26649
26161
25615
25184
24705
24335
24125
23978
23914
24074
24314
24686
25096
25506
25849
26179
26400
26515
26469
26382
26224
25971
25704
25436
25197
25111
25051
25130
25381
25788
26277
26839
27384
28052
28662
29218
29659
30015
30217
30349
30338
30328
30264
30218
30178
30264
30467
30772
31195
31734
32331
33057
33865
34681
35417
36038
36589
37069
37472
37681
37817
37891
37889
37843
37884
38006
38229
38550
38966
39518
40155
40847
41587
42333
43060
43774
44336
44757
45074
45245
45348
45325
45288
45202
45108
45126
45232
45444
45792
46261
46779
47371
47984
48609
49243
49720
50174
50449
50604
50605
50487
50252
50017
49734
49427
49241
49122
49142
49256
49451
49748
50186
50595
51026
51374
51663
51876
51897
51753
51472
51110
50681
50120
49605
49077
48595
48253
47984
47829
47783
47883
48032
48211
48412
48508
48558
48482
48236
47896
47395
46772
46061
45307
44617
43969
43372
42828
42354
42038
41817
41742
41714
41748
41738
41688
41586
41341
40982
40473
39912
39274
38541
37790
36988
36247
35561
34982
34553
34225
34008
33853
33798
33800
33820
33801
33694
33527
33237
32838
32360
31763
31064
30382
29676
29025
28362
27837
27468
27227
27078
27036
27152
27337
27544
27624
27703
27717
27608
27380
27052
26602
26146
25563
25073
24606
24211
23947
23786
23782
23901
24149
24497
24870
25278
25616
25979
26221
26355
26349
26282
26095
25839
25534
25317
25157
24996
24967
25104
25369
25775
26245
26779
27406
28046
28612
29187
29662
30030
30247
30400
30467
30396
30319
30236
30179
30222
30371
30688
31091
31558
32227
32992
33749
34481
35200
35894
36479
36925
37243
37496
37610
37669
37675
37691
37738
37827
38016
38400
38872
39411
40082
40823
41578
42376
43126
43854
44413
44788
45149
45361
45456
45480
45458
45434
45391
45363
45496
45689
46046
46484
47015
47634
48251
48813
49397
50006
50344
50617
50751
50791
50636
50404
50141
49889
49657
49453
49306
49258
49357
49587
49962
50385
50792
51179
51518
51850
51984
52042
51939
51711
51285
50752
50246
49690
49197
48734
48380
48123
47990
47925
47965
48140
48329
48446
48503
48512
48402
48186
47824
47364
46774
46076
45339
44606
43889
43226
42763
42346
42054
41850
41736
41694
41723
41719
41678
41587
41349
40947
40485
39954
39322
38595
37772
36975
36205
35483
34898
34419
34092
33858
33706
33685
33707
33719
33684
33594
33434
33166
32729
32196
31632
30958
30275
29610
28977
28343
27790
27435
27214
27164
27169
27291
27449
27631
27768
27890
27882
27751
27486
27164
26738
26215
25652
25111
24679
24250
23977
23798
23802
23924
24131
24510
24919
25295
25715
25989
26204
26318
26335
26231
26004
25777
25483
25236
25036
24911
24883
25037
25335
25678
26186
26810
27478
28111
28707
29197
29642
29955
30180
30319
30300
30270
30210
30162
30161
30241
30408
30671
31109
31647
32324
33043
33823
34597
35345
36016
36562
36999
37283
37476
37584
37658
37703
37739
37776
37903
38096
38419
38850
39419
40086
40834
41635
42426
43149
43795
44316
44728
45023
45186
45274
45244
45209
45161
45128
45226
45371
45583
45936
46389
46960
47569
48225
48905
49498
49933
50320
50571
50729
50654
50529
50336
50079
49801
49560
49358
49210
49207
49349
49585
49953
50289
50676
51097
51408
51636
51788
51786
51605
51346
51009
50476
49966
49432
48947
48483
48113
47892
47794
47818
47913
48078
48249
48378
48468
48443
48322
48117
47764
47304
46675
46017
45307
44589
43904
43234
42743
42392
42040
41873
41777
41769
41796
41763
41688
41576
41330
40958
40466
39856
39187
38449
37640
36895
36097
35386
34863
34409
34121
33890
33815
33811
33801
33828
33801
33725
33482
33152
32741
32268
31610
30874
30148
29526
28873
28248
27769
27442
27257
27159
27193
27302
27406
27531
27659
27751
27698
27525
27283
26904
26439
25944
25434
24908
24439
24088
23800
23713
23758
23912
24210
24578
24967
25383
25745
26052
26245
26364
26391
26264
26089
25864
25587
25311
25071
24968
24997
25100
25388
25787
26257
26885
27552
28175
28742
29267
29664
29963
30139
30277
30280
30274
30207
30155
30159
30177
30327
30612
31082
31647
32284
33049
33815
34589
35330
36055
36581
36974
37299
37530
37596
37620
37643
37672
37728
37844
38037
38379
38832
39408
40086
40869
41622
42390
43092
43729
44238
44611
44918
45049
45096
45102
45027
44935
44884
44915
45097
45314
45736
46206
46760
47398
48014
48691
49291
49775
50117
50365
50499
50535
50402
50246
49989
49723
49505
49340
49238
49296
49464
49703
50020
50381
50781
51188
51528
51799
51950
51907
51759
51445
51077
50640
50111
49583
49048
48603
48248
48016
47893
47895
47963
48084
48221
48343
48476
48488
48356
48127
47724
47185
46619
45912
45154
44441
43688
43084
42492
42043
41782
41628
41538
41490
41486
41482
41397
41245
41009
40650
40185
39608
38932
38174
37404
36655
35959
35246
34639
34257
33930
33753
33672
33624
33679
33689
33642
33576
33432
33124
32663
32127
31485
30841
30134
29419
28762
28176
27689
27327
27157
27058
27103
27203
27397
27572
27700
27750
27717
27595
27367
27018
26546
26039
25513
25070
24616
24276
24079
23962
23951
24108
24380
24751
25164
25565
25930
26242
26438
26517
26463
26362
26163
25907
25647
25384
25189
25081
25074
25169
25443
25861
26402
26933
27508
28162
28787
29305
29705
30071
30264
30358
30352
30326
30254
30222
30205
30300
30487
30813
31260
31806
32385
33171
33970
34781
35466
36094
36633
37096
37455
37622
37759
37823
37799
37793
37822
37979
38196
38550
38987
39588
40204
40913
41674
42448
43180
43885
44431
44837
45119
45275
45341
45328
45274
45171
45120
45129
45269
45490
45892
46362
46903
47509
48106
48739
49328
49799
50240
50483
50617
50591
50425
50200
49948
49682
49390
49201
49129
49137
49289
49508
49826
50267
50687
51099
51446
51718
51908
51886
51698
51404
51039
50574
50035
49518
48966
48516
48196
47941
47812
47807
47913
48089
48250
48453
48526
48563
48467
48183
47814
47305
46666
45912
45183
44498
43870
43263
42741
42287
41971
41819
41712
41699
41761
41736
41701
41535
41258
40907
40368
39787
39135
38378
37594
36830
36101
35443
34874
34465
34150
33955
33826
33784
33794
33800
33769
33636
33468
33165
32728
32243
31613
30900
30219
29538
28876
28224
27719
27396
27154
27042
27037
27165
27349
27562
27634
27704
27698
27555
27303
26946
26500
26014
25464
24940
24493
24144
23889
23760
23798
23931
24216
24578
24941
25341
25697
26020
26241
26355
26347
26244
26025
25759
25472
25256
25089
24980
24970
25153
25419
25860
26328
26881
27550
28160
28737
29271
29758
30108
30284
30420
30458
30371
30318
30203
30185
30250
30436
30760
31173
31694
32381
33162
33902
34627
35339
36014
36566
36992
37309
37538
37633
37697
37682
37693
37751
37850
38088
38485
38969
39544
40227
40988
41762
42521
43304
43987
44506
44885
45222
45378
45483
45489
45471
45416
45385
45398
45529
45781
46120
46579
47152
47743
48361
48943
49531
50082
50425
50673
50781
50773
50591
50345
50104
49861
49631
49427
49314
49292
49426
49683
50059
50477
50881
51279
51606
51895
52029
52051
51937
51668
51189
50678
50165
49612
49120
48665
48313
48112
47977
47923
47994
48206
48338
48467
48503
48494
48367
48100
47730
47242
46645
45931
45181
44480
43771
43113
42662
42269
41992
41801
41704
41698
41728
41716
41671
41567
41278
40866
40395
39837
39170
38450
37615
36842
36068
35372
34804
34331
34051
33824
33710
33702
33739
33728
33679
33594
33405
33094
32660
32107
31503
30832
30124
29464
28851
28213
27698
27389
27193
27155
27209
27324
27492
27690
27788
27897
27859
27719
27452
27092
26628
26124
25543
25014
24601
24174
23923
23798
23817
23964
24216
24616
24981
25386
25759
26053
26257
26354
26307
26200
25961
25738
25445
25177
25004
24901
24914
25085
25399
25780
26307
26928
27597
28215
28806
29299
29698
29989
30230
30312
30307
30260
30206
30159
30187
30274
30461
30773
31210
31773
32427
33166
33914
34671
35391
36031
36559
36967
37245
37393
37509
37568
37626
37648
37702
37832
38036
38372
38825
39429
40122
40876
41662
42473
43193
43830
44334
44739
45020
45191
45277
45225
45218
45175
45158
45256
45412
45630
46031
46511
47066
47706
48368
49037
49583
50014
50374
50623
50736
50662
50509
50302
50048
49761
49536
49318
49217
49259
49394
49663
50030
50377
50760
51170
51464
51697
51831
51771
51548
51297
50917
50367
49862
49329
48872
48407
48075
47864
47809
47828
47931
48103
48269
48401
48467
48431
48304
48044
47687
47186
46556
45880
45150
44450
43749
43106
42654
42310
41981
41828
41752
41774
41780
41742
41656
41532
41250
40843
40325
39713
39035
38273
37476
36721
35940
35288
34784
34335
34076
33870
33809
33805
33809
33840
33779
33694
33446
33073
32636
32158
31480
30740
30021
29403
28754
28144
27722
27382
27233
27154
27232
27310
27424
27563
27673
27745
27693
27488
27219
26832
26342
25843
25345
24810
24340
24031
23777
23709
23781
23980
24276
24677
25044
25444
25821
26102
26286
26400
26374
26254
26055
25807
25541
25263
25072
24979
25030
25158
25469
25894
26397
27046
27722
28294
28855
29373
29738
30022
30184
30288
30304
30290
30206
30161
30160
30217
30384
30692
31203
31783
32456
33230
33976
34757
35487
36170
36652
37057
37363
37543
37585
37629
37637
37689
37750
37862
38091
38456
38937
39526
40255
41030
41778
42519
43244
43823
44329
44684
44981
45089
45103
45100
45026
44925
44882
44964
45138
45383
45819
46304
46889
47542
48168
48826
49396
49847
50189
50387
50512
50507
50375
50202
49937
49668
49464
49309
49238
49337
49497
49753
