34249
34555
34907
35211
35446
35764
36120
36368
36556
36844
37099
37347
37668
37899
38143
38445
38737
39035
39288
39471
39727
40001
40252
40504
40823
41168
41452
41706
41910
42162
42361
42520
42724
43078
43314
43565
43918
44234
44531
44864
45114
45339
45663
45923
46190
46555
46792
47003
47222
47419
47667
47907
48151
48429
48679
49025
49267
49642
49844
50158
50462
50730
50993
51241
51495
51795
52055
52327
52621
52829
53112
53329
53657
53901
54193
54517
54728
54969
55230
55507
55763
56041
56323
56505
56819
57043
57321
57569
57841
58090
58379
58652
58921
59189
59506
59877
60160
60362
60629
60967
61207
61512
61774
62076
62333
61271
59492
57641
55863
54110
52304
50522
48681
46800
44994
43224
41384
39534
37691
35821
33990
32130
30226
28492
26664
24780
22925
21115
19387
17533
15791
15986
16321
16565
16828
17074
17331
17574
17870
18206
18409
18635
18929
19252
19476
19817
20093
20428
20707
20984
21245
21567
21820
22124
22357
22585
22789
23037
23303
23608
23871
24092
24413
24698
24942
25212
25560
25803
26041
26342
26639
26826
27073
27331
27584
27885
28148
28405
28694
28950
29220
29503
29823
30122
30379
30634
30916
31147
31418
31657
31903
32084
32351
32637
32884
33137
33435
33737
34048
34292
34595
34897
35156
35394
35707
35933
36254
36591
36838
37069
37271
37572
37825
38101
38390
38667
39003
39265
39525
39751
39935
40134
40386
40560
40809
41089
41398
41574
41842
42146
42443
42712
42934
43159
43436
43735
44058
44327
44620
44806
45060
45310
45571
45810
46038
46415
46681
46895
47242
47515
47772
48032
48310
48695
48940
49195
49389
49636
49939
50192
50478
50693
50891
51150
51359
51724
51999
52249
52431
52749
53038
53289
53584
53886
54154
54424
54698
54948
55212
55526
55833
56147
56366
56640
56894
57179
57387
57683
58028
58330
58621
58834
59117
59406
59740
60014
60264
60558
60826
61128
61366
61647
61909
62135
62333
60847
58953
57154
55329
53496
51652
49865
48107
46253
44429
42557
40769
38932
37093
35205
33363
31482
29655
27848
26026
24178
22391
20575
18771
17050
15641
16038
16299
16578
16960
17196
17388
17638
17839
18117
18405
18679
18921
19159
19516
19785
20049
20279
20497
20794
21080
21342
21579
21910
22106
22287
22623
22834
23199
23414
23665
23959
24288
24591
24868
25062
25295
25600
25904
26120
26387
26752
27038
27404
27624
27842
28079
28376
28621
28864
29167
29407
29650
29919
30173
30504
30795
31210
31421
31738
32035
32322
32627
32838
33137
33464
33686
33871
34111
34426
34718
35027
35256
35515
35802
36093
36322
36582
36827
37124
37301
37516
37710
37957
38211
38460
38682
38894
39100
39349
39551
39753
40057
40411
40611
40807
41058
41327
41592
41813
42159
42396
42671
42957
43240
43512
43790
44082
44262
44523
44786
45119
45506
45801
46094
46402
46687
46992
47231
47530
47849
48174
48425
48693
49020
49341
49550
49826
50046
50314
50625
50916
51093
51408
51655
51959
52182
52375
52572
52911
53232
53470
53816
54077
54339
54591
54865
55103
55371
55688
56025
56342
56569
56787
57086
57379
57660
57993
58260
58533
58807
59020
59302
59607
59880
60120
60392
60621
60906
61149
61362
61610
61848
62082
62270
61211
59361
57605
55767
54031
52252
50351
48538
46742
44981
43113
41292
39542
37728
35869
34054
32158
30425
28577
26768
24953
23170
21447
19659
17868
16082
16333
16527
16818
17081
17279
17484
17777
18007
18278
18537
18801
19100
19400
19662
19975
20239
20517
20755
20973
21223
21462
21664
21859
22177
22398
22669
22995
23203
23454
23832
24093
24449
24719
25099
25315
25547
25843
26146
26446
26693
26922
27177
27495
27718
28003
28284
28555
28890
29238
29546
29880
30093
30377
30751
30943
31123
31410
31661
31889
32140
32467
32682
32936
33159
33457
33688
33887
34106
34292
34526
34789
35007
35400
35595
35769
36082
36321
36646
36851
37119
37401
37677
37903
38141
38387
38646
38886
39133
39402
39582
39873
40144
40467
40806
41115
41360
41621
41877
42109
42425
42652
42815
43026
43308
43608
43871
44106
44363
44630
44870
45211
45436
45763
46048
46302
46621
46910
47274
47553
47736
48033
48387
48657
48929
49156
49405
49686
50026
50292
50574
50759
51043
51346
51618
51921
52279
52515
52800
53089
53384
53691
53900
54165
54441
54783
55093
55299
55523
55821
56149
56468
56825
57021
57309
57574
57787
58115
58330
58573
58856
59140
59346
59567
59787
60024
60219
60475
60648
60873
61093
61301
61605
61886
62152
60693
58871
56953
55114
53351
51575
49731
47909
46019
44170
42408
40581
38780
37033
35267
33520
31655
29850
28014
26201
24370
22523
20745
18964
17136
15776
16110
16446
16695
16983
17253
17555
17856
18142
18494
18745
18984
19256
19475
19710
19940
20198
20492
20798
21109
21463
21727
22007
22253
22536
22824
22972
23186
23430
23751
23959
24237
24495
24697
24987
25185
25562
25800
26038
26341
26588
26869
27097
27378
27666
27843
28114
28357
28667
28953
29111
29374
29703
30028
30181
30433
30714
30947
31208
31463
31706
31899
32077
32438
32746
33012
33212
33543
33795
34066
34328
34629
34946
35228
35508
35813
36158
36396
36618
36874
37172
37392
37695
37929
38219
38490
38799
39082
39309
39499
39757
40036
40325
40593
40864
41199
41536
41723
41968
42206
42384
42557
42801
43091
43331
43639
43984
44295
44580
44926
45122
45427
45709
45986
46249
46612
46829
47063
47249
47450
47682
47968
48201
48476
48737
49067
49330
49712
49899
50217
50489
50804
51018
51255
51547
51805
52108
52385
52650
52866
53130
53404
53671
53926
54249
54531
54764
54969
55227
55535
55776
56064
56312
56539
56842
57093
57352
57610
57897
58153
58374
58692
58938
59235
59532
59861
60214
60382
60697
61018
61245
61536
61809
62123
62346
60887
59095
57300
55483
53731
51914
50168
48319
46454
44642
42886
41023
39155
37313
35449
33616
31755
29877
28097
26268
24421
22561
20756
18996
17163
15806
16043
16372
16637
16845
17155
17418
17635
17927
18250
18472
18674
18969
19331
19520
19857
20158
20469
20785
21000
21301
21619
21857
22150
22411
22588
22844
23084
23328
23670
23936
24154
24418
24726
25012
25284
25592
25848
26121
26416
26647
26878
27141
27368
27642
27945
28199
28455
28761
29006
29276
29561
29881
30139
30434
30706
30965
31204
31446
31721
31907
32114
32417
32683
32958
33200
33474
33820
34113
34351
34625
34935
35215
35446
35735
35981
36338
36652
36859
37112
37326
37627
37835
38144
38444
38730
39040
39334
39590
39789
39956
40200
40394
40607
40863
41134
41405
41574
41889
42146
42505
42764
42937
43201
43474
43785
44073
44359
44657
44811
45054
45310
45602
45875
46075
46438
46728
46946
47278
47530
47826
48092
48363
48736
48986
49184
49450
49690
50015
50199
50509
50711
50929
51159
51417
51748
52041
52291
52447
52781
53054
53329
53650
53910
54195
54448
54718
54968
55254
55551
55848
56183
56394
56677
56946
57225
57400
57756
58067
58372
58658
58888
59188
59490
59810
60099
60328
60633
60914
61185
61430
61717
61986
62218
62388
60457
58590
56797
54995
53151
51330
49534
47798
45876
44095
42221
40405
38567
36713
34826
32987
31108
29299
27481
25668
23828
22050
20190
18434
16705
15732
16109
16331
16666
17006
17225
17457
17702
17910
18152
18434
18704
18981
19245
19545
19796
20094
20343
20560
20824
21162
21396
21654
21928
22122
22354
22661
22882
23222
23430
23688
23993
24357
24639
24880
25085
25359
25633
25950
26140
26465
26821
27091
27423
27627
27875
28093
28432
28651
28905
29208
29441
29704
29930
30262
30524
30869
31224
31474
31756
32091
32389
32654
32885
33188
33511
33710
33876
34153
34463
34776
35067
35314
35572
35846
36144
36343
36629
36894
37148
37313
37561
37765
37999
38268
38520
38726
38919
39136
39398
39576
39817
40144
40418
40637
40855
41128
41398
41664
41835
42213
42470
42752
43013
43321
43532
43839
44107
44311
44566
44863
45188
45604
45870
46124
46428
46768
47046
47314
47600
47895
48189
48482
48760
49063
49363
49618
49833
50093
50393
50703
50933
51145
51452
51720
51998
52233
52393
52645
52959
53235
53511
53815
54112
54382
54636
54895
55124
55432
55735
56068
56367
56639
56854
57109
57433
57741
58062
58293
58610
58869
59071
59360
59654
59903
60172
60425
60667
60937
61165
61417
61648
61877
62115
62334
60800
59031
57207
55438
53667
51870
50007
48191
46365
44577
42768
40946
39145
37354
35508
33670
31835
30081
28215
26421
24611
22825
21103
19293
17519
16165
16398
16590
16852
17106
17338
17553
17850
18067
18315
18569
18860
19170
19446
19703
20023
20284
20523
20783
21029
21268
21520
21675
21921
22194
22426
22744
23049
23260
23514
23857
24173
24492
24783
25126
25382
25620
25880
26197
26505
26714
26965
27235
27542
27795
28055
28316
28606
28950
29299
29585
29935
30142
30438
30812
30991
31208
31477
31685
31904
32196
32519
32743
32961
33241
33480
33718
33926
34130
34342
34597
34851
35086
35447
35622
35829
36155
36419
36699
36906
37154
37461
37719
37961
38170
38427
38665
38927
39212
39437
39652
39963
40208
40527
40887
41168
41422
41687
41915
42132
42478
42720
42872
43087
43331
43663
43941
44174
44430
44684
44881
45244
45509
45836
46087
46362
46657
46999
47321
47586
47769
48121
48436
48683
48979
49215
49444
49731
50095
50353
50614
50764
51116
51417
51688
51980
52319
52587
52826
53150
53431
53714
53934
54183
54501
54881
55123
55316
55535
55880
56223
56543
56850
57074
57321
57624
57819
58165
58392
58638
58927
59153
59350
59607
59809
60083
60276
60499
60656
60927
61138
61341
61637
61921
62202
60328
58463
56575
54769
52995
51214
49340
47541
45638
43789
42060
40227
38465
36707
34926
33145
31266
29469
27669
25843
23991
22186
20399
18597
16766
15866
16180
16506
16755
17057
17324
17646
17913
18220
18521
18831
19020
19291
19526
19770
19989
20264
20574
20864
21203
21523
21777
22045
22266
22582
22866
23021
23208
23491
23794
24005
24287
24511
24719
24990
25239
25613
25835
26094
26386
26645
26913
27155
27438
27736
27867
28158
28436
28700
28982
29139
29418
29781
30042
30245
30474
30737
30982
31285
31518
31766
31943
32176
32504
32774
33084
33295
33628
33871
34124
34391
34704
34995
35295
35555
35907
36237
36437
36640
36976
37205
37440
37752
37961
38263
38550
38852
39116
39353
39519
39836
40103
40393
40623
40937
41256
41574
41762
42017
42256
42412
42565
42864
43135
43375
43705
44039
44335
44638
44947
45165
45480
45743
46021
46312
46638
46854
47092
47284
47468
47711
47973
48259
48516
48802
49100
49403
49728
49903
50272
50537
50836
51050
51290
51586
51861
52131
52452
52708
52884
53179
53460
53717
53972
54321
54563
54818
55032
55274
55596
55818
56170
56361
56602
56885
57115
57389
57657
57911
58196
58423
58737
58989
59311
59621
59947
60267
60431
60741
61077
61313
61617
61861
62168
62381
60563
58763
56919
55126
53369
51576
49818
47933
46116
44301
42523
40662
38770
36961
35072
33241
31352
29527
27747
25891
24029
22186
20407
18602
16833
15865
16130
16464
16684
16903
17225
17451
17708
17980
18302
18492
18739
19061
19333
19611
19920
20218
20557
20822
21073
21349
21692
21925
22159
22500
22636
22918
23141
23402
23740
23969
24230
24513
24789
25020
25377
25649
25865
26195
26481
26723
26956
27213
27468
27716
27965
28229
28524
28811
29106
29355
29609
29958
30184
30520
30792
31002
31243
31491
31782
31964
32189
32479
32739
33010
33267
33584
33896
34177
34439
34688
34984
35241
35550
35790
36063
36388
36676
36907
37131
37393
37680
37911
38215
38458
38759
39058
39369
39600
39800
40006
40269
40443
40648
40941
41208
41443
41597
41940
42161
42534
42789
42972
43270
43530
43875
44112
44417
44696
44843
45138
45366
45634
45928
46174
46524
46809
47013
47368
47589
47893
48108
48445
48761
49040
49232
49500
49764
50096
50266
50590
50738
51004
51228
51493
51803
52075
52317
52548
52872
53102
53397
53697
53936
54228
54492
54756
55032
55308
55622
55900
56227
56461
56778
56998
57252
57456
57849
58153
58479
58709
58960
59257
59574
59889
60151
60402
60669
60967
61237
61456
61718
62022
62234
61978
60010
58203
56390
54575
52729
50926
49114
47378
45502
43637
41822
39994
38156
36333
34431
32551
30702
28923
27076
25282
23464
21686
19847
18087
16374
15803
16174
16365
16739
17057
17248
17485
17757
17960
18192
18477
18773
19055
19329
19634
19871
20135
20389
20616
20890
21215
21434
21720
21977
22145
22444
22685
22989
23302
23463
23769
24034
24417
24695
24945
25127
25388
25721
26013
26184
26545
26880
27196
27477
27718
27928
28182
28514
28695
29005
29293
29490
29771
29992
30337
30568
30962
31274
31561
31819
32167
32447
32726
32942
33284
33570
33759
33941
34217
34549
34869
35143
35380
35633
35896
36236
36419
36689
36967
37175
37369
37581
37799
38060
38300
38552
38777
38981
39178
39425
39633
39845
40219
40482
40691
40920
41211
41472
41703
41915
42263
42531
42807
43114
43359
43568
43894
44152
44380
44635
44910
45275
45635
45890
46177
46528
46834
47102
47377
47657
47939
48273
48579
48842
49146
49391
49658
49920
50167
50428
50754
50951
51191
51530
51806
52052
52269
52437
52727
53055
53307
53606
53909
54155
54438
54687
54933
55187
55524
55825
56140
56427
56695
56925
57204
57497
57809
58126
58368
58697
58945
59143
59432
59699
59962
60225
60472
60723
60985
61214
61479
61703
61957
62164
62372
60439
58662
56822
55101
53355
51507
49680
47852
46016
44217
42396
40587
38805
36966
35149
33306
31474
29723
27859
26072
24278
22498
20757
18924
17144
16222
16433
16649
16939
17144
17389
17624
17869
18113
18378
18621
18928
19254
19477
19803
20120
20385
20619
20842
21093
21339
21578
21714
21980
22242
22490
22805
23069
23291
23598
23910
24254
24548
24873
25177
25397
25672
25963
26268
26533
26745
27031
27253
27562
27855
28090
28401
28666
29040
29360
29655
29965
30179
30514
30850
31021
31240
31523
31742
31937
32254
32542
32797
32994
33306
33532
33769
33940
34137
34368
34623
34900
35170
35474
35621
35880
36194
36457
36737
36935
37190
37500
37754
37984
38200
38425
38688
38958
39209
39460
39660
39979
40279
40592
40917
41201
41452
41742
41935
42180
42495
42721
42857
43100
43383
43691
43960
44203
44479
44721
44926
45252
45572
45898
46113
46389
46726
47065
47374
47599
47841
48175
48486
48715
49010
49266
49473
49826
50131
50373
50648
50807
51174
51471
51725
52052
52318
52609
52880
53152
53491
53747
53989
54243
54570
54944
55147
55351
55596
55929
56246
56593
56908
57111
57338
57638
57877
58203
58479
58670
58990
59203
59385
59666
59852
60127
60318
60541
60700
60951
61157
61389
61698
61951
61835
59923
58045
56185
54392
52617
50840
48920
47156
45282
43454
41652
39843
38081
36326
34536
32759
30904
29091
27260
25442
23610
21784
20013
18200
16401
15922
16233
16578
16806
17102
17388
17666
17950
18278
18577
18837
19066
19321
19579
19780
20014
20344
20621
20910
21253
21578
21837
22097
22325
22649
22895
23058
23239
23565
23862
24091
24325
24569
24759
25042
25307
25649
25874
26144
26392
26707
26948
27245
27492
27743
27895
28236
28488
28751
29006
29199
29469
29810
30072
30238
30546
30773
31001
31299
31534
31810
31941
32218
32547
32805
33090
33310
33616
33892
34156
34427
34757
35030
35323
35593
35953
36264
36478
36668
37002
37218
37479
37786
37969
38314
38580
38861
39172
39389
39569
39873
40140
40433
40669
41012
41305
41625
41777
42046
42275
42436
42599
42936
43201
43435
43776
44123
44379
44703
44995
45226
45515
45766
46078
46380
46663
46891
47153
47329
47518
47786
48043
48323
48578
48884
49164
49501
49751
49970
50322
50600
50862
51097
51310
51643
51898
52210
52480
52767
52991
53232
53523
53786
54046
54415
54619
54860
55071
55356
55699
55903
56224
56404
56689
56954
57188
57437
57706
57946
58223
58496
58812
59077
59342
59700
60003
60317
60500
60815
61113
61377
61682
61924
62198
62028
60208
58375
56557
54810
53000
51206
49430
47570
45732
43942
42131
40284
38412
36594
34734
32874
30984
29164
27389
25527
23638
21821
20056
18228
16490
15919
16173
16497
16713
16951
17249
17500
17754
18046
18359
18519
18815
19115
19383
19685
19973
20286
20615
20858
21103
21419
21711
21975
22207
22505
22654
22938
23196
23462
23780
23997
24292
24579
24815
25074
25458
25669
25949
26227
26544
26780
26975
27226
27506
27761
28039
28273
28589
28822
29148
29385
29665
30001
30243
30538
30821
31060
31300
31521
31816
31987
32215
32513
32802
33078
33331
33669
33953
34212
34494
34743
35051
35288
35614
35851
36107
36477
36730
36959
37187
37466
37727
37980
38275
38545
38842
39131
39394
39662
39833
40038
40281
40478
40693
40996
41258
41470
41688
42033
42240
42587
42812
42996
43310
43564
43910
44177
44486
44743
44930
45146
45378
45706
45935
46242
46558
46811
47056
47374
47611
47931
48171
48506
48814
49049
49255
49503
49796
50118
50318
50606
50761
51016
51253
51565
51845
52083
52315
52589
52926
53184
53446
53758
53991
54287
54519
54818
55060
55376
55693
55956
56265
56496
56817
57047
57266
57492
57919
58190
58518
58719
59009
59266
59639
59915
60200
60448
60719
61018
61259
61535
61760
62098
62285
62065
60095
58277
56457
54640
52797
50994
49174
47411
45585
43719
41899
40044
38177
36378
34480
32588
30770
29001
27164
25311
23526
21725
19902
18144
16416
15874
16236
16422
16827
17084
17296
17522
17754
17991
18244
18530
18835
19062
19391
19680
19881
20184
20446
20712
20938
21283
21458
21763
22004
22195
22536
22763
23078
23326
23519
23827
24128
24466
24790
24962
25191
25426
25776
26085
26260
26643
26942
27296
27556
27777
27983
28236
28525
28750
29023
29354
29545
29840
30055
30388
30638
31040
31319
31603
31900
32216
32527
32744
33005
33348
33616
33790
34016
34289
34599
34921
35157
35406
35692
35958
36241
36480
36755
36977
37209
37402
37600
37838
38085
38320
38579
38787
38975
39241
39477
39655
39902
40239
40495
40696
40943
41214
41498
41720
41978
42262
42565
42853
43138
43344
43633
43948
44190
44409
44676
44971
45354
45682
45934
46263
46582
46884
47139
47423
47700
47999
48311
48619
48931
49206
49415
49705
49957
50239
50483
50766
50966
51255
51570
51805
52078
52298
52482
52790
53095
53345
53686
53979
54227
54495
54723
54976
55255
55563
55898
56177
56453
56717
56976
57247
57519
57866
58179
58401
58713
58952
59199
59486
59754
60037
60236
60501
60778
61030
61272
61508
61744
61975
62190
61971
60090
58299
56479
54769
52961
51121
49276
47447
45677
43860
42058
40222
38423
36582
34752
32956
31115
29359
27503
25699
23898
22138
20378
18590
16790
16219
16459
16670
16985
17213
17391
17711
17915
18161
18390
18682
19009
19301
19507
19872
20150
20432
20663
20895
21126
21417
21625
21784
22053
22312
22531
22876
23152
23354
23669
23975
24313
24614
24947
25247
25452
25718
26055
26316
26600
26831
27111
27357
27599
27912
28163
28479
28743
29138
29459
29728
30001
30229
30616
30929
31047
31309
31549
31811
32004
32354
32645
32834
33080
33338
33566
33803
34014
34171
34425
34668
34954
35226
35557
35707
35962
36233
36543
36818
37016
37252
37579
37805
38012
38275
38500
38770
39044
39292
39523
39741
40029
40347
40668
40987
41225
41531
41849
42000
42265
42558
42773
42955
43166
43489
43766
43975
44233
44518
44748
45009
45271
45629
45917
46181
46456
46781
47119
47408
47608
47865
48236
48542
48794
49029
49275
49519
49874
50197
50400
50686
50885
51242
51499
51785
52140
52370
52648
52947
53208
53547
53804
54088
54274
54634
55014
55218
55411
55627
55989
56328
56666
56935
57146
57407
57674
57938
58230
58512
58687
59027
59221
59438
59692
59877
60164
60359
60584
60758
60952
61222
61451
61746
62016
61860
59962
58078
56216
54401
52596
50777
48925
47137
45267
43441
41656
39852
38075
36321
34528
32733
30876
29087
27248
25429
23598
21811
20030
18223
16413
15906
16249
16556
16865
17138
17411
17720
18031
18368
18645
18872
19115
19386
19590
19839
20060
20395
20674
20967
21349
21616
21872
22143
22370
22708
22919
23102
23317
23629
23917
24141
24377
24609
24842
25070
25396
25690
25918
26205
26447
26758
26975
27291
27533
27794
27984
28308
28546
28819
29023
29241
29564
29895
30088
30315
30623
30840
31074
31373
31588
31846
31983
32317
32635
32863
33161
33406
33726
33987
34213
34509
34835
35135
35357
35671
36048
36310
36539
36773
37063
37275
37559
37826
38065
38392
38635
38943
39255
39417
39637
39941
40222
40465
40760
41089
41379
41665
41859
42118
42327
42498
42646
43030
43250
43525
43815
44173
44458
44779
45035
45312
45561
45817
46164
46466
46735
46989
47191
47362
47598
47824
48044
48364
48630
48962
49204
49527
49774
50048
50415
50654
50929
51153
51394
51723
51986
52260
52539
52767
53032
53254
53582
53822
54091
54454
54661
54891
55136
55446
55719
55953
56291
56435
56729
56993
57252
57486
57742
58020
58278
58580
58864
59122
59440
59787
60084
60327
60565
60893
61167
61461
61706
62004
62257
61661
59824
58011
56202
54470
52649
50854
49049
47207
45366
43581
41783
39918
38096
36207
34378
32530
30596
28817
27017
25147
23265
21474
19738
17858
16142
15941
16263
16519
16769
17008
17295
17525
17797
18123
18388
18561
18891
19173
19441
19772
20034
20336
20659
20912
21203
21505
21781
22052
22278
22556
22754
22998
23282
23522
23832
24060
24345
24655
24878
25145
25494
25740
26029
26273
26613
26823
27019
27315
27542
27845
28089
28376
28654
28879
29201
29458
29751
30062
30345
30586
30846
31104
31363
31612
31849
32044
32291
32580
32844
33111
33390
33706
33981
34258
34519
34811
35094
35352
35653
35890
36167
36523
36775
36996
37217
37506
37761
38016
38347
38574
38920
39205
39419
39683
39865
40060
40329
40504
40760
41043
41331
41516
41762
42077
42342
42655
42844
43061
43399
43630
43994
44217
44567
44751
44961
45188
45449
45728
45950
46327
46607
46849
47145
47436
47690
47993
48235
48602
48889
49111
49299
49550
49861
50162
50369
50648
50812
51078
51295
51639
51960
52183
52365
52641
52975
53247
53526
53818
54075
54379
54600
54868
55152
55460
55760
56049
56299
56570
56851
57113
57342
57577
57944
58291
58551
58784
59060
59325
59678
59989
60226
60512
60766
61033
61320
61608
61827
62109
62305
61645
59721
57876
56090
54236
52392
50619
48831
47025
45209
43356
41481
39672
37820
35991
34100
32258
30396
28619
26785
24944
23162
21332
19534
17802
16032
15953
16273
16476
16919
17135
17347
17574
17789
18062
18342
18621
18882
19112
19490
19741
19941
20229
20468
20741
21028
21311
21498
21866
22030
22232
22597
22796
23147
23350
23618
23887
24188
24521
24833
25005
25253
25514
25857
26107
26359
26726
26992
27365
27567
27829
28027
28314
28571
28808
29086
29396
29585
29873
30122
30465
30734
31114
31361
31681
31980
32274
32542
32810
33088
33435
33657
33823
34062
34351
34656
34968
35223
35487
35773
36037
36281
36547
36778
37062
37263
37471
37663
37913
38163
38400
38648
38843
39069
39329
39522
39695
39974
40317
40573
40771
41010
41280
41575
41791
42057
42364
42630
42912
43184
43410
43726
44001
44202
44441
44705
45025
45446
45723
45996
46300
46647
46907
47182
47482
47770
48083
48366
48647
48956
49301
49449
49747
50003
50256
50523
50865
51036
51320
51592
51888
52118
52328
52525
52849
53183
53417
53768
54022
54291
54539
54812
55046
55327
55648
56005
56277
56529
56778
57008
57298
57566
57916
58215
58473
58788
58973
59225
59551
59800
60086
60316
60572
60855
61071
61296
61543
61793
62054
62239
61563
59752
57964
56097
54410
52607
50732
48923
47092
45317
43504
41687
39875
38077
36221
34394
32551
30748
28964
27121
25327
23549
21813
20039
18223
16411
16296
16497
16758
17020
17256
17438
17735
17935
18236
18477
18744
19034
19350
19569
19938
20194
20484
20700
20945
21175
21436
21633
21815
22130
22333
22576
22924
23172
23413
23743
24034
24368
24654
25036
25281
25517
25765
26117
26360
26648
26878
27162
27450
27656
27935
28219
28515
28834
29214
29500
29808
30063
30300
30693
30932
31080
31371
31593
31847
32086
32415
32662
32887
33099
33387
33618
33840
34039
34197
34456
34745
34995
35309
35549
35717
35991
36271
36585
36819
37034
37298
37580
37846
38070
38329
38557
38779
39066
39325
39524
39774
40061
40398
40722
41031
41264
41566
41851
42043
42329
42591
42777
42987
43238
43549
43801
44039
44302
44567
44805
45096
45341
45664
45969
46239
46533
46836
47204
47491
47663
47982
48314
48597
48854
49098
49322
49574
49938
50243
50501
50703
50966
51258
51562
51847
52219
52459
52719
53023
53286
53585
53864
54117
54349
54717
55059
55239
55497
55721
56055
56398
56761
56983
57208
57452
57742
58028
58263
58530
58755
59085
59264
59488
59741
59943
60187
60413
60616
60810
61026
61247
61535
61804
62097
61456
59598
57723
55882
54077
52298
50457
48627
46795
44963
43162
41341
39560
37790
36043
34266
32416
30592
28762
26962
25098
23300
21510
19717
17915
16123
16058
16361
16667
16937
17203
17502
17776
18127
18429
18736
18926
19178
19405
19662
19883
20139
20451
20730
21035
21402
21650
21921
22171
22428
22774
22942
23133
23347
23718
23922
24167
24416
24661
24896
25114
25461
25757
25965
26292
26493
26821
27053
27337
27579
27802
28030
28339
28590
28888
29071
29289
29647
29968
30147
30373
30682
30887
31151
31432
31634
31883
32027
32372
32686
32928
33205
33477
33781
34017
34246
34550
34903
35205
35440
35754
36110
36358
36546
36835
37089
37336
37656
37886
38131
38435
38728
39027
39281
39464
39719
39993
40245
40495
40814
41159
41443
41696
41899
42154
42353
42512
42717
43071
43305
43556
43909
44226
44524
44859
45108
45333
45655
45916
46183
46548
46784
46996
47215
47412
47661
47903
48147
48427
48674
49018
49262
49634
49835
50151
50452
50721
50984
51232
51485
51786
52045
52316
52609
52816
53095
53313
53639
53882
54173
54496
54706
54944
55205
55480
55739
56017
56299
56484
56796
57022
57301
57548
57817
58065
58353
58628
58898
59165
59483
59858
60141
60347
60615
60952
61193
61497
61758
62061
62318
61258
59476
57626
55848
54100
52293
50512
48670
46790
44985
43216
41375
39526
37682
35812
33982
32121
30219
28482
26655
24769
22915
21105
19379
17524
15782
15977
16310
16554
16815
17061
17321
17562
17860
18197
18400
18627
18921
19244
19467
19809
20084
20418
20696
20977
21236
21559
21814
22118
22355
22583
22787
23035
23304
23610
23875
24094
24413
24698
24945
25216
25563
25804
26043
26344
26641
26827
27075
27333
27584
27886
28149
28408
28698
28952
29221
29503
29826
30126
30384
30638
30919
31150
31423
31661
31906
32087
32357
32643
32891
33141
33443
33744
34056
34299
34601
34902
35158
35395
35706
35929
36250
36587
36832
37060
37262
37563
37820
38094
38386
38662
39000
39261
39525
39755
39939
40136
40387
40557
40803
41083
41390
41565
41833
42140
42439
42706
42927
43153
43429
43725
44048
44315
44605
44791
45043
45292
45549
45785
46006
46377
46642
46858
47212
47491
47753
48018
48298
48682
48923
49174
49368
49615
49919
50175
50462
50681
50878
51138
51348
51713
51985
52235
52419
52739
53030
53285
53582
53880
54145
54412
54681
54929
55194
55510
55821
56140
56363
56641
56897
57184
57391
57688
58030
58333
58626
58885
59161
59434
59756
60067
60283
60599
60841
61144
61380
61671
61927
62160
62355
61290
59408
57577
55773
53891
52063
50278
48488
46630
44826
42963
41114
39287
37432
35580
33720
31859
30005
28222
26391
24555
22778
20955
19157
17428
15621
15983
16285
16534
16943
17153
17358
17605
17816
18126
18379
18696
18918
19155
19514
19781
20045
20275
20489
20785
21070
21332
21569
21899
22098
22278
22615
22831
23196
23411
23662
23955
24284
24585
24860
25055
25291
25596
25902
26116
26384
26753
27038
27404
27623
27843
28080
28375
28620
28862
29165
29404
29648
29918
30171
30503
30795
31210
31420
31740
32037
32324
32627
32837
33134
33461
33681
33868
34109
34426
34719
35027
35259
35518
35806
36098
36327
36586
36829
37126
37305
37518
37711
37957
38211
38458
38681
38893
39099
39350
39553
39756
40060
40415
40615
40812
41064
41332
41596
41816
42160
42399
42676
42963
43246
43517
43794
44089
44269
44531
44792
45124
45508
45805
46095
46403
46687
46993
47233
47530
47847
48173
48421
48690
49018
49340
49546
49820
50041
50306
50619
50907
51084
51401
51647
51950
52175
52369
52569
52906
53229
53466
53814
54072
54334
54587
54863
55102
55371
55685
56020
56337
56565
56784
57082
57376
57657
57993
58257
58528
58804
59021
59303
59608
59880
60120
60392
60619
60903
61147
61362
61609
61845
62078
62267
61208
59358
57602
55764
54027
52249
50348
48535
46740
44984
43114
41290
39540
37725
35868
34052
32158
30426
28576
26768
24951
23166
21442
19652
17861
16077
16329
16525
16818
17080
17279
17482
17775
18005
18273
18532
18796
19096
19396
19657
19970
20234
20512
20751
20971
21222
21461
21662
21858
22177
22398
22669
22993
23200
23451
23829
24090
24445
24718
25097
25313
25544
25840
26142
26443
26690
26919
27174
27491
27713
27996
28278
28552
28887
29235
29543
29878
30088
30376
30748
30943
31124
31410
31659
31888
32139
32465
32681
32934
33157
33454
33682
33883
34102
34288
34524
34786
35004
35397
35592
35764
36079
36320
36645
36849
37121
37399
37676
37903
38141
38385
38647
38887
39134
39405
39589
39882
40156
40479
40814
41121
41363
41620
41872
42102
42418
42647
42810
43021
43305
43605
43867
44097
44353
44620
44860
45200
45425
45750
46032
46282
46595
46878
47239
47519
47706
48010
48369
48647
48923
49151
49395
49673
50008
50272
50551
50737
51022
51331
51606
51907
52265
52499
52784
53073
53368
53677
53890
54159
54436
54779
55087
55292
55511
55806
56132
56453
56810
57011
57305
57573
57786
58115
58330
58571
58853
59137
59342
59586
59818
60046
60237
60474
60661
60872
61091
61294
61597
61879
62147
61124
59260
57345
55525
53749
51950
50117
48306
46409
44558
42780
40962
39172
37416
35644
33877
32019
30220
28361
26563
24727
22898
21124
19354
17526
15778
16068
16407
16684
16943
17253
17532
17828
18136
18494
18769
18969
19244
19473
19707
19938
20200
20494
20798
21109
21459
21722
22000
22245
22527
22816
22959
