63196
62997
62736
62460
62180
61907
61569
61225
60850
60487
60070
59620
59122
58664
58122
57622
57034
56446
55845
55266
54571
53973
53319
52660
51946
51200
50514
49790
49124
48412
47612
46848
46083
45297
44549
43716
42917
42115
41363
40555
39784
38952
38213
37389
36609
35841
35007
34191
33391
32625
31830
31057
30225
29456
28668
27952
27244
26500
25754
25063
24327
23689
23009
22350
21687
21069
20421
19835
19250
18655
18061
17481
17030
16507
16052
15607
15214
14824
14456
14110
13768
13442
13137
12919
12714
12526
12339
12171
12038
11977
11889
11808
11797
11823
11823
11917
12031
12183
12288
12447
12626
12816
13003
13224
13457
13759
14113
14438
14817
15205
15630
16089
16483
17000
17511
18047
18639
19237
19825
20421
21055
21699
22371
23002
23739
24478
25174
25907
26669
27417
28208
28979
29773
30521
31301
32037
32850
33631
34497
35254
36051
36820
37596
38408
39203
40041
40834
41619
42409
43211
43945
44709
45499
46278
47075
47876
48623
49354
50134
50819
51513
52218
52842
53485
54110
54774
55386
56027
56589
57177
57776
58276
58705
59125
59570
60001
60446
60817
61168
61540
61809
62117
62404
62651
62868
63068
63253
63444
63593
63673
63751
63819
63828
63799
63760
63671
63568
63482
63388
63308
63099
62864
62656
62423
62123
61811
61449
61080
60713
60307
59930
59473
59006
58555
58045
57516
56966
56396
55808
55211
54563
53908
53235
52572
51903
51143
50473
49760
49078
48322
47572
46808
46033
45239
44444
43647
42898
42112
41282
40475
39662
38845
38013
37228
36465
35641
34849
34080
33297
32497
31687
30973
30167
29354
28583
27834
27147
26402
25683
24991
24312
23584
22866
22194
21505
20841
20166
19587
19006
18414
17893
17346
16874
16366
15957
15484
15072
14681
14333
13995
13644
13339
13070
12799
12538
12359
12175
12033
11907
11843
11826
11795
11787
11825
11896
11940
12051
12165
12262
12419
12556
12763
12983
13277
13563
13877
14257
14644
15042
15419
15834
16246
16713
17247
17751
18311
18876
19442
20003
20599
21226
21851
22460
23155
23824
24547
25230
25965
26670
27380
28130
28885
29613
30379
31178
31985
32821
33580
34361
35134
35883
36629
37447
38252
39062
39868
40650
41452
42233
43006
43858
44644
45450
46226
46991
47750
48443
49155
49923
50645
51378
51987
52629
53307
54008
54665
55290
55897
56435
56989
57514
58052
58604
59048
59540
59980
60356
60724
61109
61487
61846
62193
62463
62732
62996
63130
63317
63500
63646
63722
63822
63858
63884
63888
63879
63879
63775
63682
63557
63382
63216
63050
62814
62526
62242
61917
61538
61192
60813
60424
60003
59572
59061
58577
58064
57489
56911
56382
55770
55192
54589
53960
53264
52588
51901
51179
50449
49725
49001
48315
47519
46772
46040
45221
44431
43626
42817
41990
41170
40425
39633
38843
38034
37207
36434
35628
34809
33996
33221
32452
31644
30897
30086
29267
28505
27709
26935
26178
25456
24762
23974
23302
22666
22062
21401
20684
20074
19463
18899
18323
17762
17254
16776
16317
15827
15404
15028
14637
14271
13976
13685
13414
13156
12929
12705
12511
12384
12189
12060
11990
11909
11885
11846
11847
11942
11972
12049
12188
12322
12508
12678
12861
13055
13323
13651
13924
14290
14624
14983
15304
15704
16188
16711
17238
17743
18307
18868
19440
20071
20698
21289
21936
22538
23130
23811
24543
25311
26021
26756
27450
28161
28941
29686
30476
31303
32122
32934
33671
34410
35189
35945
36703
37459
38277
39041
39824
40650
41453
42273
43077
43899
44645
45422
46230
46989
47757
48504
49259
49964
50656
51369
52043
52696
53409
54079
54751
55392
56069
56633
57250
57763
58283
58741
59222
59666
60085
60435
60815
61188
61513
61889
62183
62466
62711
62949
63170
63358
63499
63654
63774
63763
63814
63848
63806
63766
63696
63624
63484
63387
63225
63033
62852
62677
62447
62145
61797
61471
61139
60752
60343
59962
59517
59034
58525
57957
57415
56840
56254
55694
55070
54466
53821
53139
52550
51887
51203
50473
49759
48997
48249
47525
46763
45988
45202
44454
43662
42853
42097
41300
40521
39714
38925
38177
37383
36604
35717
34905
34122
33326
32480
31687
30958
30203
29426
28633
27877
27127
26417
25715
24991
24236
23536
22809
22142
21555
20945
20373
19776
19192
18610
18054
17556
17082
16583
16133
15675
15314
14909
14508
14157
13880
13530
13235
12981
12720
12516
12348
12196
12093
11951
11867
11811
11725
11757
11781
11871
11972
12071
12199
12342
12547
12719
12916
13154
13442
13811
14131
14484
14887
15286
15725
16212
16671
17188
17706
18228
18757
19337
19882
20486
21093
21742
22366
23038
23713
24453
25208
25910
26659
27457
28202
28911
29700
30439
31207
31966
32787
33545
34379
35191
35995
36792
37600
38447
39302
40093
40833
41676
42523
43300
44048
44792
45608
46370
47107
47831
48605
49319
50028
50771
51496
52148
52812
53496
54085
54772
55423
56010
56592
57115
57681
58215
58760
59211
59666
60122
60569
60931
61305
61659
61958
62254
62542
62796
63013
63217
63423
63562
63655
63749
63815
63874
63830
63892
63852
63822
63734
63589
63460
63339
63137
62945
62672
62394
62134
61823
61485
61151
60762
60394
59976
59499
59016
58556
58024
57516
56893
56321
55717
55123
54447
53849
53182
52509
51782
51042
50384
49653
48999
48256
47447
46680
45943
45150
44392
43573
42763
41956
41194
40405
39614
38804
38034
37223
36429
35673
34831
34054
33247
32458
31665
30897
30099
29303
28531
27811
27101
26344
25607
24903
24206
23548
22876
22219
21578
20943
20313
19725
19134
18547
17952
17399
16937
16419
15963
15518
15134
14750
14371
14068
13699
13389
13066
12876
12658
12499
12316
12147
12012
11962
11877
11806
11793
11835
11852
11923
12054
12205
12323
12481
12661
12858
13037
13260
13510
13821
14182
14547
14923
15316
15730
16167
16565
17088
17601
18165
18751
19318
19914
20530
21170
21830
22507
23135
23877
24589
25314
26034
26813
27546
28320
29127
29870
30657
31422
32156
33002
33815
34674
35405
36209
36990
37775
38594
39390
40207
41008
41781
42574
43389
44109
44894
45656
46456
47246
48044
48775
49544
50301
50971
51682
52357
53017
53622
54283
54916
55531
56169
56722
57318
57890
58383
58812
59239
59671
60104
60531
60907
61266
61620
61882
62189
62463
62692
62911
63129
63298
63462
63632
63692
63786
63834
63813
63794
63780
63650
63559
63468
63387
63278
63066
62853
62607
62376
62062
61761
61380
61036
60649
60248
59858
59405
58926
58457
57975
57439
56854
56286
55683
55099
54454
53778
53131
52454
51753
51016
50345
49627
48936
48181
47415
46671
45869
45079
44293
43490
42749
41962
41125
40325
39514
38705
37854
37086
36298
35501
34705
33933
33126
32330
31557
30825
30013
29210
28448
27703
27002
26254
25560
24852
24163
23449
22723
22074
21379
20704
20060
19484
18894
18293
17780
17247
16772
16298
15884
15428
15008
14610
14284
13943
13581
13296
13011
12748
12510
12330
12164
12002
11887
11833
11830
11816
11810
11861
11909
11962
12093
12192
12307
12446
12601
12797
13032
13331
13611
13951
14323
14727
15117
15491
15909
16343
16822
17347
17874
18422
18993
19578
20111
20728
21347
21970
22612
23292
23961
24690
25386
26129
26832
27520
28304
29054
29751
30554
31338
32149
32975
33762
34515
35273
36039
36789
37600
38413
39237
40037
40800
41610
42398
43199
44030
44801
45608
46388
47163
47902
48609
49338
50060
50813
51499
52119
52795
53460
54141
54816
55425
56015
56566
57090
57641
58193
58706
59172
59653
60056
60439
60802
61188
61590
61946
62272
62551
62797
63035
63172
63375
63548
63691
63764
63856
63881
63917
63929
63906
63876
63797
63684
63554
63370
63204
63031
62779
62477
62204
61870
61477
61154
60759
60371
59939
59494
58986
58480
57986
57406
56823
56299
55677
55099
54490
53860
53167
52468
51781
51035
50311
49619
48871
48178
47398
46634
45885
45070
44274
43452
42654
41854
41016
40285
39478
38694
37860
37049
36269
35464
34652
33834
33078
32290
31493
30725
29915
29122
28332
27556
26773
26014
25307
24596
23830
23189
22539
21926
21242
20545
19952
19374
18786
18209
17671
17169
16701
16228
15720
15335
14952
14568
14219
13915
13641
13363
13116
12874
12658
12491
12349
12164
12033
11974
11903
11883
11829
11866
11951
12003
12088
12224
12340
12540
12706
12899
13103
13404
13702
14004
14374
14690
15055
15406
15825
16296
16826
17350
17833
18416
18978
19564
20207
20803
21427
22047
22653
23262
23948
24677
25441
26171
26893
27570
28307
29072
29849
30661
31443
32259
33091
33816
34576
35351
36119
36879
37676
38469
39226
40011
40852
41649
42468
43272
44069
44832
45600
46421
47193
47943
48700
49453
50146
50818
51542
52197
52890
53578
54272
54937
55551
56246
56818
57393
57912
58416
58889
59356
59796
60213
60562
60937
61312
61629
61988
62286
62550
62800
63024
63257
63446
63568
63690
63819
63792
63854
63871
63828
63784
63741
63650
63503
63383
63252
63054
62855
62683
62432
62115
61781
61450
61104
60705
60295
59913
59470
58956
58446
57896
57334
56772
56167
55597
54976
54373
53726
53055
52469
51780
51090
50371
49624
48843
48112
47406
46638
45830
45084
44294
43528
42716
41972
41159
40367
39570
38804
38024
37236
36431
35560
34760
33971
33163
32333
31546
30826
30074
29267
28482
27725
26995
26280
25570
24832
24110
23386
22689
22023
21430
20833
20263
19661
19103
18492
17952
17457
16985
16491
16033
15596
15239
14845
14435
14086
13793
13476
13176
12935
12674
12487
12300
12184
12062
11927
11850
11781
11728
11740
11803
11900
12004
12094
12252
12364
12574
12730
12948
13224
13523
13869
14206
14557
14958
15367
15818
16300
16771
17268
17813
18327
18852
19454
19992
20608
21239
21880
22491
23164
23864
24600
25351
26055
26821
27600
28338
29087
29859
30586
31352
32152
32937
33718
34560
35358
36174
36964
37785
38602
39458
40274
41005
41862
42689
43473
44223
44969
45775
46515
47262
47983
48768
49477
50185
50920
51623
52277
52969
53636
54229
54882
55554
56110
56722
57204
57759
58329
58853
59303
59758
60222
60666
61015
61350
61727
62015
62294
62580
62850
63048
63256
63457
63567
63690
63749
63830
63860
63855
63872
63860
63795
63717
63552
63433
63309
63106
62893
62620
62334
62077
61764
61418
61079
60687
60320
59899
59423
58923
58454
57918
57433
56781
56219
55607
54985
54345
53714
53044
52376
51634
50922
50243
49535
48849
48096
47305
46549
45782
45003
44226
43436
42591
41806
41039
40255
39457
38645
37854
37070
36270
35495
34643
33868
33095
32289
31497
30737
29933
29150
28382
27669
26966
26193
25468
24745
24091
23389
22739
22078
21439
20798
20172
19598
19005
18404
17829
17278
16825
16323
15870
15438
15035
14678
14313
14000
13613
13324
13024
12838
12623
12463
12273
12125
12015
11956
11854
11792
11807
11821
11859
11950
12085
12234
12365
12508
12704
12891
13059
13318
13564
13889
14244
14611
14993
15401
15819
16271
16681
17195
17705
18271
18851
19414
19998
20629
21235
21932
22576
23260
24004
24703
25411
26154
26911
27667
28426
29227
29958
30777
31538
32304
33110
33928
34796
35520
36337
37113
37935
38741
39525
40335
41152
41926
42722
43522
44240
45057
45805
46601
47396
48175
48906
49660
50415
51087
51815
52466
53120
53742
54381
55030
55645
56250
56819
57438
57982
58467
58889
59308
59747
60198
60590
60962
61326
61643
61930
62250
62507
62732
62943
63152
63335
63495
63628
63722
63793
63841
63813
63787
63740
63608
63523
63444
63367
63244
63013
62801
62537
62322
61992
61692
61315
60951
60553
60170
59763
59310
58834
58337
57856
57332
56749
56165
55558
54980
54317
53643
52978
52317
51608
50893
50203
49502
48782
48045
47259
46522
45726
44913
44129
43337
42582
41786
40980
40160
39359
38543
37681
36927
36115
35336
34554
33783
32961
32181
31425
30647
29831
29035
28281
27567
26823
26110
25412
24715
24015
23287
22585
21925
21255
20595
19946
19360
18772
18202
17677
17143
16679
16205
15769
15354
14929
14524
14185
13879
13531
13222
12946
12697
12468
12279
12137
11990
11884
11827
11817
11819
11797
11869
11926
11975
12097
12194
12325
12465
12663
12843
13095
13380
13687
14020
14391
14791
15184
15582
15979
16435
16940
17463
17980
18528
19085
19682
20244
20857
21478
22087
22752
23428
24100
24834
25526
26252
26964
27664
28450
29193
29917
30683
31485
32323
33143
33913
34649
35428
36175
36943
37770
38572
39404
40186
40951
41768
42557
43363
44168
44977
45784
46538
47319
48060
48765
49509
50210
50942
51643
52256
52944
53618
54292
54929
55549
56140
56678
57210
57763
58287
58811
59290
59755
60125
60517
60898
61258
61667
62029
62325
62619
62851
63067
63199
63432
63576
63700
63807
63879
63893
63928
63932
63931
63858
63779
63676
63531
63345
63181
62982
62735
62419
62139
61791
61391
61085
60702
60270
59848
59374
58894
58385
57873
57266
56725
56166
55558
54969
54333
53728
53025
52328
51630
50890
50166
49457
48727
48007
47236
46502
45725
44912
44125
43307
42502
41677
40891
40129
39316
38540
37703
36905
36116
35291
34500
33691
32917
32110
31309
30577
29778
28971
28158
27404
26629
25885
25162
24438
23686
23055
22428
21770
21083
20425
19813
19248
18663
18094
17573
17082
16590
16112
15654
15246
14865
14511
14170
13861
13566
13301
13046
12823
12616
12475
12295
12139
12020
11934
11906
11873
11829
11865
11962
12011
12127
12261
12386
12575
12746
12950
13165
13469
13768
14069
14452
14781
15119
15490
15902
16409
16928
17439
17944
18525
19088
19667
20304
20913
21537
22141
22729
23367
24030
24788
25539
26270
27005
27686
28431
29174
29957
30768
31559
32370
33186
33907
34681
35446
36223
36974
37790
38579
39350
40154
40994
41777
42582
43401
44207
44975
45753
46551
47313
48084
48803
49571
50255
50925
51635
52313
53013
53681
54365
55025
55658
56319
56908
57478
57977
58490
58951
59411
59856
60249
60602
60986
61348
61679
62014
62309
62570
62835
63047
63256
63430
63595
63705
63791
63796
63837
63823
63833
63740
63708
63606
63476
63345
63191
63003
62805
62611
62357
62022
61678
61373
61026
60622
60202
59803
59355
58848
58306
57744
57202
56639
56045
55446
54829
54203
53559
52925
52326
51642
50927
50220
49473
48672
47972
47242
46467
45677
44924
44138
43344
42557
41784
40980
40199
39391
38658
37858
37070
36234
35372
34594
33805
32980
32170
31405
30651
29920
29092
28301
27575
26852
26141
25430
24668
23960
23253
22549
21905
21292
20715
20139
19540
18987
18378
17849
17366
16894
16390
15942
15541
15174
14764
14365
14036
13723
13424
13138
12883
12649
12455
12294
12160
12043
11900
11825
11776
11747
11749
11810
11914
12041
12113
12263
12399
12607
12770
13004
13267
13592
13930
14255
14651
15021
15468
15920
16384
16882
17360
17889
18416
18945
19565
20110
20708
21362
21998
22623
23286
24000
24760
25481
26193
26970
27759
28460
29242
29987
30740
31501
32330
33092
33870
34724
35507
36333
37129
37956
38799
39630
40432
41185
42033
42850
43630
44367
45155
45938
46652
47406
48139
48926
49610
50349
51066
51759
52419
53129
53759
54368
55012
55694
56247
56842
57338
57881
58446
58959
59403
59871
60342
60747
61089
61425
61798
62094
62354
62650
62899
63110
63319
63488
63606
63701
63775
63857
63852
63881
63869
63860
63769
63673
63545
63422
63280
63052
62840
62567
62263
62011
61708
61322
60993
60628
60220
59823
59336
58855
58334
57796
57297
56658
56095
55498
54852
54231
53580
52913
52234
51480
50777
50063
49407
48684
47922
47158
46398
45621
44850
44046
43262
42441
41658
40863
40106
39285
38498
37698
36934
36113
35344
34494
33702
32917
32138
31355
30566
29776
28982
28230
27526
26830
26054
25335
24593
23962
23269
22634
21933
21308
20690
20072
19467
18898
18308
17711
17194
16728
16243
15778
15374
14986
14627
14243
13929
13584
13265
12982
12792
12570
12435
12245
12102
11999
11920
11823
11807
11803
11813
11877
11974
12117
12247
12389
12555
12720
12923
13109
13367
13627
13951
14331
14688
15080
15487
15897
16346
16781
17314
17794
18378
18975
19546
20112
20754
21363
22036
22667
23366
24100
24783
25512
26257
27024
27796
28551
29343
30098
30922
31663
32447
33203
34074
34895
35648
36474
37236
38066
38865
39671
40482
41296
42070
42901
43663
44400
45216
45968
46756
47576
48328
49051
49827
50563
51236
51961
52596
53242
53892
54520
55162
55772
56373
56937
57550
58070
58561
58959
59391
59834
60280
60689
61040
61410
61690
62007
62277
62550
62777
62978
63166
63380
63522
63633
63713
63796
63840
63788
63768
63696
63586
63490
63414
63344
63187
62951
62746
62484
62255
61910
61605
61246
60865
60459
60079
59664
59206
58744
58217
57754
57209
56617
56047
55455
54828
54161
53489
52838
52191
51450
50727
50057
49336
48607
47879
47096
46355
45563
44767
43974
43158
42431
41619
40794
39989
39196
38365
37536
36769
35963
35177
34384
33613
32800
32006
31279
30479
29662
28877
28150
27416
26686
25984
25280
24589
23863
23147
22468
21796
21107
20445
19833
19242
18650
18095
17564
17066
16569
16119
15675
15274
14851
14462
14132
13790
13477
13162
12885
12657
12437
12240
12088
11967
11857
11825
11813
11809
11813
11877
11930
11986
12122
12205
12371
12502
12696
12897
13140
13443
13749
14102
14480
14862
15253
15688
16063
16532
17045
17579
18081
18651
19224
19791
20363
20968
21621
22221
22897
23566
24244
24988
25672
26394
27092
27840
28609
29324
30071
30836
31663
32490
33282
34057
34815
35573
36334
37108
37925
38749
39551
40319
41121
41925
42718
43530
44313
45153
45930
46672
47449
48179
48895
49644
50349
51074
51755
52385
53058
53750
54410
55055
55662
56227
56773
57319
57824
58387
58863
59360
59847
60194
60572
60963
61330
61707
62070
62369
62671
62895
63073
63217
63453
63605
63693
63801
63855
63880
63894
63911
63889
63808
63728
63606
63480
63290
63123
62905
62659
62329
62035
61699
61304
60985
60591
60176
59751
59242
58787
58247
57725
57141
56609
56024
55440
54831
54202
53571
52864
52164
51472
50739
50020
49290
48578
47817
47069
46346
45542
44742
43940
43120
42315
41496
40740
39950
39160
38357
37540
36762
35955
35110
34319
33548
32757
31951
31183
30397
29603
28821
27999
27254
26494
25756
25035
24278
23558
22911
22319
21647
20946
20291
19703
19125
18552
17975
17452
16977
16509
16021
15552
15166
14779
14413
14115
13804
13494
13259
13004
12781
12566
12451
12259
12117
12004
11888
11909
11845
11817
11887
11971
12021
12140
12279
12408
12613
12776
12992
13210
13538
13822
14154
14510
14835
15191
15557
15995
16498
17048
17548
18054
18619
19212
19781
20414
21016
21655
22242
22833
23474
24129
24895
25645
26369
27076
27763
28541
29275
30078
30886
31695
32508
33266
34017
34771
35544
36316
37084
37897
38689
39477
40283
41104
41898
42725
43546
44342
45113
45906
46711
47454
48227
48959
49704
50400
51065
51771
52449
53149
53804
54508
55158
55799
56432
57032
57564
58083
58577
59062
59509
59931
60316
60690
61065
61413
61767
62083
62382
62629
62904
63094
63283
63469
63619
63725
63793
63809
63856
63816
63827
63735
63692
63572
63435
63319
63154
62942
62777
62575
62291
61973
61610
61318
60939
60548
60146
59737
59246
58754
58207
57635
57098
56527
55935
55331
54720
54093
53446
52812
52189
51490
50785
50043
49319
48520
47808
47081
46311
45518
44772
43976
43192
42400
41629
40826
40017
39232
38503
37695
36917
36065
35231
34444
33661
32814
32011
31228
30507
29756
28940
28155
27424
26704
25981
25274
24534
23827
23104
22397
21779
21181
20601
20036
19436
18854
18261
17736
17280
16783
16303
15852
15472
15086
14666
14286
13989
13655
13378
13103
12837
12605
12432
12263
12155
12009
11879
11842
11760
11743
11777
11823
11929
12050
12140
12301
12446
12633
12813
13062
13325
13674
13982
14340
14734
15099
15544
16025
16485
16993
17465
17999
18517
19061
19693
20213
20819
21484
22133
22758
23410
24157
24895
25603
26336
27129
27917
28601
29373
30138
30901
31652
32476
33230
34040
34868
35666
36481
37278
38094
38976
39778
40556
41324
42201
42992
43753
44503
45279
46086
46785
47542
48289
49060
49737
50473
51202
51905
52546
53248
53864
54506
55151
55805
56359
56922
57436
57996
58565
59046
59487
59955
60416
60821
61150
61516
61855
62158
62422
62706
62942
63151
63342
63508
63644
63731
63786
63853
63835
63895
63863
63854
63743
63656
63518
63402
63232
63022
62796
62515
62206
61951
61642
61270
60907
60549
60134
59725
59233
58743
58228
57711
57168
56562
55980
55380
54713
54111
53451
52778
52098
51359
50648
49921
49258
48553
47768
46999
46243
45449
44699
43879
43106
42298
41508
40704
39939
39136
38355
37551
36777
35977
35188
34338
33547
32770
31981
31221
30395
29607
28809
28100
27400
26674
25907
25194
24457
23842
23132
22488
21799
21185
20570
19935
19362
18776
18198
17586
17113
16612
16142
15680
15294
14918
14526
14156
13846
13513
13202
12954
12749
12545
12373
12202
12070
11974
11888
11814
11810
11817
11822
11898
12008
12149
12270
12410
12590
12778
12956
13178
13428
13698
14049
14413
14764
15168
15562
16001
16427
16882
17425
17909
18496
19083
19683
20252
20885
21510
22189
22820
23522
24245
24942
25675
26429
27202
27974
28740
29511
30280
31086
31829
32618
33382
34278
35072
35843
36634
37422
38244
39026
39852
40672
41477
42260
43082
43823
44580
45387
46137
46928
47753
48489
49221
50000
50705
51388
52122
52718
53370
53998
54655
55292
55908
56504
57054
57667
58188
58640
59044
59488
59909
60378
60772
61127
61485
61766
62070
62361
62611
62817
63020
63222
63418
63567
63677
63731
63819
63836
63799
63761
63684
63574
63485
63413
63335
63144
62925
62703
62456
62191
61866
61524
61163
60810
60386
60008
59557
59111
58648
58122
57642
57075
56508
55929
55343
54680
54018
53357
52694
52045
51304
50593
49905
49204
48474
47730
46969
46207
45406
44606
43805
43033
42285
41452
40621
39805
39023
38190
37373
36613
35794
35006
34223
33446
32653
31843
31127
30322
29513
28720
27996
27290
26531
25840
25143
24452
23718
22986
22314
21642
20982
20297
19713
19130
18519
17986
17457
16964
16479
16046
15571
15173
14762
14387
14061
13720
13415
13104
12845
12603
12399
12210
12048
11934
11840
11835
11819
11795
11803
11872
11934
12022
12134
12244
12378
12516
12715
12935
13206
13499
13807
14173
14549
14949
15338
15753
16139
16615
17149
17655
18195
18760
19327
19893
20466
21091
21734
22331
23019
23693
24402
25117
25816
26535
27237
27988
28751
29475
30209
31011
31834
32661
33432
34216
34980
35737
36489
37267
38080
38919
39708
40498
41283
42064
42872
43699
44480
45295
46079
46832
47597
48321
49032
49805
50492
51240
51876
52525
53186
53876
54543
55175
55766
56338
56884
57421
57949
58486
58964
59461
59908
60269
60666
61034
61403
61772
62128
62397
62687
62945
63098
63271
63471
63615
63702
63820
63846
63874
63889
63883
63894
63784
63696
63567
63436
63256
63095
62866
62587
62282
61978
61613
61249
60891
60515
60088
59650
59164
58678
58148
57609
57024
56501
55895
55318
54724
54085
53428
52724
52053
51343
50579
49864
49150
48451
47656
46916
46188
45383
44588
43785
42966
42150
41352
40599
39800
38993
38199
37366
36596
35779
34943
34177
33389
32598
31809
31062
30241
29426
28666
27853
27098
26345
25620
24894
24136
23438
22794
22170
21527
20817
20182
19576
19028
18445
17865
17344
16867
16406
15912
15469
15097
14709
14354
14051
13745
13450
13210
12972
12756
12544
12427
12226
12093
12003
11892
11907
11834
11820
11913
11972
12034
12170
12286
12450
12650
12822
13025
13268
13595
13877
14219
14557
14893
15266
15663
16101
16620
17152
17648
18176
18737
19319
19916
20535
21154
21758
22367
22938
23612
24286
25059
25809
26519
27206
27936
28709
29450
30268
31064
31877
32695
33434
34196
34978
35743
36497
37257
38096
38862
39655
40475
41268
42101
42909
43733
44506
45285
46090
46881
47629
48384
49120
49832
50520
51226
51930
52567
53290
53939
54627
55279
55935
56512
57135
57658
58190
58665
59143
59587
59985
60377
60753
61124
61472
61820
62134
62400
62662
62923
63127
63301
63495
63638
63749
63770
63796
63858
63795
63810
63731
63660
63538
63403
63273
63087
62875
62717
62515
62203
61877
61547
61215
60833
60439
60056
59616
59127
58645
58079
57517
56966
56380
55808
55207
54592
53941
53288
52682
52032
51317
50622
49896
49158
48388
47663
46913
46156
45359
44630
43815
43014
42237
41468
40676
39857
39081
38343
37539
36757
35881
35063
34262
33504
32636
31849
31089
30349
29593
28801
28034
27274
26568
25858
25127
24396
23670
22960
22256
21676
21078
20484
19900
19315
18740
18166
17641
17178
16692
16227
15749
15399
14983
14583
14227
13923
13604
13300
13034
12768
12549
12375
12232
12118
11982
11860
11840
11721
11731
11769
11850
11953
12059
12148
12321
12481
12675
12862
13094
13368
13759
14055
14409
14818
15194
15632
16100
16594
17092
17589
18107
18622
19200
19787
20346
20947
21596
22254
22894
23543
24319
25033
25763
26507
27276
28062
28746
29533
30274
31034
31817
32622
33379
34206
35035
35826
36635
37427
38254
39122
39914
40689
41501
42364
43134
43884
44650
45440
46228
46941
47683
48451
49181
49874
50615
51335
52013
52664
53372
53951
54609
55266
55887
56462
57008
57548
58079
58639
59112
59557
60030
60478
60858
61221
61574
61891
62211
62475
62737
62971
63155
63391
63523
63651
63737
63809
63880
63837
63892
63858
63840
63741
63628
63496
63374
63187
62987
62728
62454
62173
61900
61564
61219
60845
60480
60064
59615
59117
58661
58119
57621
57034
56445
55845
55268
54573
53977
53322
52667
51951
51207
50521
49797
49129
48418
47616
46852
46088
45303
44557
43725
42928
42128
41373
40559
39784
38951
38210
37386
36608
35841
35008
34191
33392
32626
31829
31056
30225
29457
28667
27951
27243
26499
25752
25059
24320
23681
22997
22340
21678
21064
20416
19832
19249
18653
18058
17476
17024
16501
16044
15599
15207
14817
14447
14103
13762
13434
13129
12911
12708
12519
12335
12168
12034
11973
11886
11806
11795
11820
11820
11912
12025
12177
12283
12444
12627
12818
13005
13227
13458
13757
14111
14467
14822
15219
15623
16087
16495
16986
17506
18013
18613
19199
19772
20378
21015
21636
22314
22932
23643
24375
25068
25799
26550
27308
28077
28846
29593
30343
31140
31880
32683
33466
34337
35124
35916
36698
37490
38315
39113
39941
40729
41545
42320
43151
43892
44650
45446
46231
47037
47846
48608
49341
50144
50827
51523
52231
52858
53500
54124
54786
55395
56032
56593
57181
57782
58284
58714
59135
59580
60011
60453
60824
61175
61544
61811
62119
62404
62649
62867
63067
63252
63443
63592
63672
63750
63817
63827
63798
63758
63666
63565
63478
63384
63304
63096
62861
62653
62421
62120
61808
61445
61074
60708
60303
59926
59468
58999
58545
58037
57506
56956
56386
55798
55204
54555
53903
53228
52567
51898
51140
50468
49754
49074
48315
47564
46802
46026
45233
44438
43640
42893
42106
41276
40472
39659
38840
38009
37225
36459
35636
34843
34074
33290
32488
31677
30962
30157
29347
28577
27829
27142
26398
25681
24989
24310
23581
22864
22194
21505
20842
20168
19589
19009
18418
17898
17352
16880
16372
15963
15491
15078
14687
14338
13999
13647
13343
13073
12802
12540
12363
12179
12034
11907
11842
11826
11793
11786
11824
11894
11936
12046
12158
12255
12414
12551
12758
12978
13274
13559
13873
14255
14641
15038
15416
15831
16243
16711
17246
17750
18311
18878
19443
20003
20600
21227
21854
22464
23159
23829
24551
25233
25967
26673
27382
28131
28886
29614
30381
31180
31986
32823
33581
34363
35136
35885
36632
37450
38254
39064
39871
40654
41457
42238
43011
43863
44649
45455
46233
46999
47759
48453
49166
49934
50655
51389
51999
52642
53318
54019
54677
55303
55907
56444
56998
57525
58063
58614
59059
59552
59991
60369
60736
61123
61501
61860
62206
62477
62744
63006
63141
63329
63511
63661
63737
63838
63870
63895
63900
63892
63890
63784
63691
63567
63389
63221
63052
62815
62526
62239
61914
61537
61190
60810
60423
60000
59569
59055
58570
58056
57480
56902
56373
55761
55181
54576
53948
53252
52576
51888
51163
50434
49712
48988
48303
47507
46758
46027
45209
44419
43615
42808
41983
41166
40421
39629
38837
38026
37199
36427
35620
34801
33991
33217
32451
31642
30895
30084
29265
28504
27707
26934
26177
25455
24761
23972
23299
22660
22054
21393
20676
20068
19459
18898
18324
17765
17257
16779
16318
15827
15403
15027
14636
14272
13978
13686
13414
13158
12929
12706
12511
12384
12189
12058
11990
11907
11881
11843
11844
11938
11967
12045
12183
12316
12503
12675
12860
13055
13322
13651
13924
14289
14625
14982
15317
15728
16193
16722
17249
17748
18306
18838
19427
20038
20655
21260
21885
22496
23079
23749
24458
25219
25938
26666
27336
28048
28827
29551
30356
31171
31954
32792
33528
34282
35062
35817
36577
37350
38175
38956
39749
40566
41370
42188
43000
43831
44588
45375
46188
46962
47742
48505
49250
49955
50659
51372
52056
52711
53428
54099
54775
55417
56093
56657
57271
57782
58302
58761
59244
59693
60111
60464
60841
61213
61537
61910
62203
62486
62729
62966
63190
63379
63520
63674
63793
63782
63828
63862
63819
63779
63709
63638
63500
63401
63237
63044
62865
62688
62461
62158
61811
61486
61155
60767
60359
59975
59533
59049
58539
57972
57430
56854
56269
55709
55086
54480
53835
53153
52564
51901
51216
50486
49769
49008
48259
47537
46775
46001
45214
44464
43671
42865
42105
41307
40526
39718
38930
38182
37386
36608
35720
34906
34123
33325
32478
31684
30954
30202
29423
28628
27873
27120
26409
25706
24983
24229
23527
22800
22136
21551
20939
20366
19768
19187
18603
18046
17549
17077
16579
16131
15674
15311
14906
14506
14156
13881
13530
13236
12982
12722
12517
12349
12198
12094
11952
11868
11813
11728
11759
11783
11873
11973
12072
12198
12340
12544
12714
12911
13149
13435
13805
14125
14479
14881
15279
15716
16202
16662
17180
17698
18219
18747
19326
19871
20477
21084
21733
22357
23027
23706
24447
25201
25904
26652
27451
28195
28904
29692
30431
31199
31957
32781
33539
34373
35184
35989
36785
37594
38440
39294
40084
40825
41668
42515
43294
44042
44786
45604
46366
47103
47826
48598
49314
50022
50765
51488
52141
52801
53484
54073
54759
55408
55996
56577
57102
57667
58202
58748
59201
59655
60111
60555
60916
61288
61644
61946
62241
62532
62786
63006
63210
63416
63558
63653
63745
63812
63872
63831
63894
63853
63825
63736
63592
63462
63339
63137
62945
62674
62397
62136
61826
61487
61154
60766
60397
59978
59503
59019
58559
58028
57521
56898
56327
55721
55127
54452
53850
53184
52511
51782
51043
50384
49652
48998
48256
47445
46677
45938
45143
44386
43568
42757
41950
41190
40402
39612
38803
38032
37221
36424
35665
34822
34045
33240
32451
31659
30891
30095
29301
28528
27808
27098
26340
25604
24900
24201
23543
22869
22210
21568
20930
20298
19708
19119
18533
17940
17388
16927
16410
15953
15508
15125
14741
14361
14058
13687
13378
13056
12866
12649
12490
12308
12140
12006
11954
11871
11800
11787
11829
11846
11919
12049
12200
12321
12478
12658
12854
13032
13256
13505
13815
14178
14542
14917
15310
15724
16179
16576
17089
17601
18143
18730
19307
19891
20506
21112
21770
22439
23061
23808
24516
25229
25956
26713
27447
28217
29006
29745
30509
31291
32026
32838
33629
34501
35248
36035
36824
37603
38444
39245
40073
40891
41671
42459
43278
43999
44778
45556
46360
47166
47973
48711
49466
50251
50921
51618
52325
52959
53586
54248
54881
55493
56132
56690
57290
57862
58352
58777
59204
59634
60069
60499
60877
61238
61593
61854
62162
62433
62664
62883
63104
63271
63437
63604
63662
63759
63805
63787
63767
63750
63617
63527
63439
63357
63247
63036
62823
62576
62346
62032
61732
61350
61008
60621
60220
59828
59377
58900
58434
57954
57422
56839
56275
55673
55091
54444
53768
53121
52444
51745
51009
50340
