14725
15298
15914
16495
17220
17951
18668
19399
20133
20947
21624
22331
23078
23827
24414
25172
26058
26894
27670
28537
29311
30059
30833
31641
32446
33189
34062
34862
35531
36179
36963
37711
38465
39225
39986
40742
41420
42213
42985
43728
44449
45244
45912
46553
47215
47861
48509
49054
49702
50371
50997
51585
52169
52756
53384
53850
54290
54733
55158
55572
55963
56344
56685
57015
57248
57447
57859
58175
58394
58585
58737
58883
59019
59114
59167
59255
59355
59391
59336
59230
59157
59091
58991
58852
58688
58493
58296
58066
57819
57530
57007
56813
56560
56203
55831
55423
55012
54564
54092
53610
53007
52469
51922
51346
50762
50130
49485
48940
48262
47616
46953
46290
45583
44810
44131
43448
42718
41953
41187
40374
39670
38923
38136
37342
36519
35898
35268
34544
33755
33029
32205
31358
30532
29741
28876
28089
27341
26591
25819
25052
24203
23496
22789
22061
21318
20507
19785
19085
18366
17674
16995
16403
15723
15095
14514
13940
13378
12815
12190
11703
11260
10810
10341
9890
9464
9082
8719
8270
7781
7591
7406
7159
6911
6702
6497
6319
6162
6042
5940
5849
5813
5814
5814
5819
5831
5883
5978
6094
6225
6394
6585
6789
7007
7262
7536
7822
8144
8421
8829
9222
9633
10068
10527
10994
11461
11950
12558
13058
13603
14187
14764
15339
15952
16375
17167
17955
18686
19402
20139
20953
21627
22312
23113
24504
25385
26716
27302
27136
27807
28526
29347
30098
30879
31682
32480
33205
34071
34857
35544
36180
36966
37711
38469
39231
39986
40741
41554
42260
43004
43752
44488
45284
45952
46599
47244
47881
48507
48871
49569
50324
50976
51577
52152
52742
53368
53842
54282
54727
55154
55584
55996
56379
56718
57040
57267
57567
57891
58153
58364
58567
58731
58890
59029
59116
59176
59260
59354
59376
59315
59230
59160
59086
58978
58838
58674
58495
58279
58054
57795
57506
57299
56951
56575
56202
55826
55410
54988
54550
54086
53604
52990
52452
51902
51317
50720
50091
49466
48938
48273
47622
46955
46295
45593
44817
44142
43439
42702
41953
41199
40387
39673
38918
38119
37308
36487
35881
35254
34536
33747
33189
32332
31402
30547
29748
28956
28093
27342
26595
25830
25058
24379
23575
22780
22021
21283
20556
19766
19081
18370
17674
16993
16570
15824
15109
14512
13939
13373
12814
12202
11723
11273
10803
10335
9874
9458
9079
8702
8421
8060
7713
7418
7158
6926
6704
6497
6317
6166
6043
5936
5854
5822
5816
5822
5819
5830
5885
5983
6094
6225
6394
6582
6793
7025
7269
7537
7821
8143
8567
8875
9222
9615
10063
10531
11015
11491
11990
12581
13079
13608
14196
14773
15348
15970
16384
17170
17957
18683
19409
20139
20947
21627
22346
23102
23855
24534
25317
26136
26930
27710
28508
29365
30104
30884
31683
32431
32935
33840
34712
35428
36058
36736
37554
38316
39088
39875
40634
41308
42094
42870
43620
44360
45230
45814
46473
47126
47771
48383
49009
49562
50219
50867
51451
52035
52628
53277
53772
54214
54649
55092
55509
55906
56295
56651
56992
57480
57811
57932
58103
58330
58540
58717
58869
59001
59103
59187
59259
59352
59400
59338
59238
59167
59103
59015
58880
58718
58532
58337
58117
57875
57592
56869
56686
56570
56280
55884
55480
55067
54618
54149
53674
53082
52556
52005
51440
50841
50224
49602
49390
48610
47784
47091
46437
45744
44957
44269
43567
42835
42081
41326
40499
39775
39043
38270
37487
36633
36000
35399
34716
33924
33118
32531
31588
30712
29915
29115
28232
27470
26715
25945
25172
24333
23647
22932
22182
21434
20720
19923
19225
18521
17822
17144
16554
15871
15218
14617
14045
13464
12905
12365
11772
11332
10883
10414
9963
9536
9139
8771
8416
8151
7785
7474
7197
6962
6749
6538
6361
6204
6078
5959
5861
5817
5810
5814
5811
5816
5860
5956
6072
6207
6360
6547
6746
6981
7224
7483
7765
8072
8344
8755
9160
9566
9992
10453
10915
11393
11884
12482
12968
13498
14061
14637
15209
15814
16210
16975
17782
18527
19273
20019
20828
21514
22204
22962
24087
25449
26130
26916
27515
27756
28389
29179
29937
30715
31506
32307
33025
33877
34712
35428
36082
36848
37599
38350
39107
39867
40625
41439
42141
42854
43601
44330
45128
45793
46447
47098
47749
48362
48984
49418
50191
50888
51482
52058
52645
53285
53773
54209
54660
55089
55515
55913
56282
56623
56952
57269
57500
57812
58091
58344
58564
58742
58884
59013
59106
59164
59244
59341
59384
59336
59247
59156
59093
59002
58866
58714
58527
58333
58102
57859
57586
57452
57017
56633
56256
55885
55500
55081
54631
54156
53681
53072
52543
52001
51440
50848
50233
49601
49058
48401
47728
47076
46394
45705
44921
44233
43531
42819
42082
41331
40507
39788
39043
38269
37480
36634
35994
35400
34708
33912
33104
32506
31557
30673
29869
29072
28202
27442
26698
25929
25167
24493
23707
22929
22176
21427
20704
19917
19217
18506
17803
17119
16522
15833
15190
14600
14035
13455
12901
12442
11767
11322
10873
10407
9959
9542
9145
8774
8413
7997
7727
7464
7200
6947
6731
6523
6341
6184
6060
5950
5858
5816
5806
5810
5813
5824
5868
5959
6068
6204
6355
6543
6750
6981
7228
7486
7769
8082
8358
8758
9167
9559
9991
10444
10904
11385
11875
12474
12966
13499
14069
14644
15238
15857
16264
17023
17821
18561
19288
20023
20819
21508
22227
22969
23715
24392
25021
25933
26760
27557
28334
29188
29947
30734
31560
32363
32922
33858
34734
35452
36081
36843
37583
38340
39096
39859
40619
41292
42064
42852
43600
44336
45142
45821
46473
47141
47781
48395
48769
49452
50213
50893
51467
52042
52630
53272
53755
54206
54634
55069
55494
55888
56272
56628
56981
57225
57425
57815
58109
58335
58545
58724
58876
59004
59108
59173
59236
59331
59379
59328
59222
59148
59080
58978
58857
58704
58514
58315
58070
57830
57552
56860
56708
56569
56264
55874
55482
55060
54607
54142
53670
53075
52550
52005
51437
50828
50204
49566
49189
48463
47731
47069
46396
45698
44921
44233
43545
42823
42071
41329
40510
39792
39053
38270
37475
36614
35963
35358
34657
33863
33071
32354
31499
30663
29871
29069
28200
27448
26706
25931
25169
24165
23506
22883
22172
21409
20666
19873
19169
18466
17778
17107
16690
15942
15213
14589
14026
13456
12903
12360
11768
11327
10880
10418
9962
9531
9125
8748
8394
7980
7713
7455
7190
6948
6729
6519
6338
6182
6057
5947
5863
5820
5813
5815
5819
5827
5869
5959
6070
6208
6358
6549
6756
6977
7228
7488
7783
8097
8356
8759
9164
9573
9996
10450
10918
11391
11895
12503
12999
13532
14098
14673
15251
15856
16421
17125
17850
18564
19296
20029
20830
21518
22209
22974
24091
25481
26574
26953
27221
27588
28384
29239
29982
30760
31573
32371
33087
33933
34740
35447
36093
36863
37601
38352
39108
39872
40626
41305
42120
42910
43649
44378
45176
45843
46494
47155
47794
48417
48962
49603
50280
50913
51485
52061
52645
53282
53763
54207
54673
55115
55543
55931
56313
56660
56996
57148
57562
57866
58131
58362
58551
58739
58893
59018
59108
59152
59236
59332
59381
59337
59249
59175
59103
58998
58876
58708
58527
58322
58102
57844
57574
57197
56924
56621
56268
55893
55491
55079
54617
54149
53668
53081
52549
51998
51414
50819
50196
49572
49034
48377
47712
47071
46403
45710
44917
44234
43543
42809
42059
41294
40465
39753
39012
38226
37433
36593
35963
35363
34657
33853
33058
32477
31534
30659
29859
29070
28201
27445
26704
25915
25134
24289
23584
22869
22132
21392
20655
19869
19179
18469
17770
17099
16514
15832
15190
14596
14028
13453
12894
12357
11761
11309
10860
10406
9935
9510
9123
8757
8397
8123
7759
7452
7194
6951
6725
6521
6349
6187
6060
5944
5848
5807
5803
5810
5804
5816
5864
5958
6071
6210
6360
6542
6750
6980
7231
7492
7772
8085
8209
8704
9168
9580
10011
10467
10940
11411
11915
12517
13009
13534
14094
14676
15261
15871
16432
17132
17849
18568
19294
20025
20828
21538
22265
23015
23760
24253
25087
25988
26808
27588
28376
29225
29981
30755
31555
32317
32961
33751
34571
35300
35931
36607
37455
38235
38984
39747
40499
41185
41983
42758
43508
44255
44962
45729
46370
47012
47663
48288
48901
49458
50123
50773
51381
51976
52567
53135
53713
54133
54579
55030
55458
55863
56246
56603
56929
57233
57451
57750
58057
58307
58523
58697
58857
59015
59112
59172
59228
59325
59388
59359
59271
59185
59119
59034
58895
58739
58573
58387
58166
57913
57643
57584
57146
56708
56328
55958
55566
55146
54707
54250
53777
53265
52651
52113
51539
50962
50346
49722
49175
48512
47855
47211
46539
45830
45131
44367
43674
42949
42186
41435
40612
39906
39178
38402
37601
36743
36091
35494
34818
34039
33238
32513
31663
30820
30003
29191
28324
27582
26836
26069
25309
24636
23841
23056
22296
21553
20819
20019
19331
18625
17921
17242
16739
15975
15305
14694
14110
13537
12985
12441
11846
11406
10959
10488
10022
9604
9203
8831
8468
8282
7964
7552
7244
6998
6771
6570
6377
6215
6084
5964
5874
5823
5811
5816
5813
5816
5843
5933
6049
6182
6337
6522
6717
6933
7173
7441
7731
7967
8312
8729
9115
9513
9921
10371
10836
11314
11808
12405
12905
13421
13981
14551
15120
15725
16374
17002
17735
18464
19188
19929
20734
21426
22122
22857
23907
25512
25649
26662
26338
27611
28290
29075
29827
30601
31396
32224
32794
33731
34632
35356
35989
36651
37478
38238
38987
39741
40508
41174
41974
42751
43496
44215
44933
45705
46352
47011
47668
48317
49105
49467
50136
50798
51408
51992
52572
53134
53714
54148
54597
55047
55464
55862
56243
56606
56937
57094
57209
57703
58087
58332
58529
58712
58872
59014
59106
59167
59243
59348
59396
59363
59258
59178
59119
59025
58883
58738
58566
58369
58147
57897
57624
57244
56669
56557
56336
55961
55562
55144
54700
54235
53761
53256
52646
52110
51548
50956
50341
49716
49321
48596
47852
47170
46509
45816
45116
44348
43669
42947
42184
41430
40601
39894
39187
38414
37614
36753
36105
35502
34815
34021
33202
32466
31627
30808
30007
29203
28322
27570
26814
26044
25291
24617
23826
23044
22291
21551
20815
20019
19326
18611
17898
17211
16529
15943
15288
14693
14125
13555
12994
12447
11845
11400
10952
10478
10027
9605
9202
8834
8461
7862
7645
7476
7243
6998
6776
6565
6364
6201
6074
5963
5874
5822
5816
5820
5816
5821
5855
5938
6052
6183
6339
6530
6730
6952
7188
7455
7736
8044
8461
8793
9117
9508
9925
10375
10839
11316
11796
12394
12901
13421
13991
14573
15153
15760
16149
16904
17704
18446
19172
19910
20723
21408
22114
22841
23589
24340
25313
25938
26633
27414
28215
29101
29870
30637
31428
32235
32953
33799
34623
35342
35984
36656
37491
38246
38993
39746
40504
41173
41952
42755
43515
44260
45056
45737
46387
47043
47677
48305
48924
49635
50218
50805
51381
51973
52557
53124
53700
54132
54572
55017
55445
55859
56243
56599
56939
57342
57733
57883
58077
58312
58503
58695
58854
58997
59090
59152
59221
59311
59381
59351
59254
59165
59105
59018
58887
58731
58540
58335
58123
57879
57609
57308
56900
56630
56313
55932
55541
55117
54687
54227
53746
53225
52618
52077
51514
50908
50293
49678
49134
48479
47819
47168
46509
45814
45114
44344
43660
42940
42192
41432
40763
39961
39156
38366
37558
36705
36047
35455
34778
34003
33192
32617
31688
30796
29992
29200
28322
27568
26812
26044
25283
24618
23828
23022
22255
21518
20793
19981
19293
18585
17881
17213
16537
15948
15287
14689
14117
13553
12999
12455
11856
11402
10960
10482
10007
9588
9185
8820
8463
7865
7666
7484
7241
6990
6759
6561
6368
6211
6089
5967
5878
5830
5815
5815
5810
5815
5855
5939
6053
6185
6339
6526
6731
6950
7184
7455
7738
8042
8461
8794
9126
9521
9928
10381
10866
11340
11832
12423
12923
13443
14009
14579
15153
15757
16145
16901
17703
18457
19183
19915
20718
21415
22102
22837
23926
25545
26014
26621
26935
27844
28371
29104
29859
30634
31427
32230
32952
33794
34626
35354
35982
36653
37482
38235
38997
39774
40543
41353
42056
42777
43525
44265
45064
45743
46402
47048
47694
48317
48933
49343
50102
50797
51399
51967
52547
53122
53721
54163
54608
55043
55465
55864
56247
56606
56934
57166
57073
57653
58086
58330
58510
58694
58857
58995
59097
59169
59251
59352
59402
59349
59240
59170
59113
59027
58896
58734
58548
58354
58136
57882
57617
57233
56901
56628
56319
55937
55532
55114
54661
54199
53722
53125
52605
52082
51514
50913
50296
49672
49128
48478
47822
47169
46507
45822
45124
44351
43655
42919
42151
41397
40729
39938
39136
38354
37558
36707
36056
35465
34780
34005
33201
32618
31679
30796
29989
29197
28326
27564
26799
26027
25253
24581
23788
23008
22266
21520
20787
19991
19307
18600
17889
17219
16537
16067
15317
14683
14108
13545
12970
12422
11818
11375
10933
10464
10002
9592
9188
8821
8465
8185
7814
7500
7231
6992
6759
6562
6368
6207
6075
5956
5862
5818
5808
5809
5804
5808
5847
5940
6057
6190
6341
6524
6720
6949
7188
7445
7725
8039
8308
8715
9107
9523
9946
10397
10868
11338
11824
12415
12917
13438
14001
14570
15142
15754
16143
16892
17696
18447
19184
19938
20758
21448
22154
22895
23639
24303
25061
25869
26672
27455
28251
29110
29861
30623
31409
32190
32839
33630
34460
35213
35872
36542
37357
38097
38854
39619
40385
41219
41927
42626
43361
44099
44829
45596
46247
46896
47544
48162
48792
49338
50013
50685
51292
51870
52455
53034
53621
54054
54496
54953
55367
55780
56155
56520
56864
57098
57752
57919
58054
58262
58489
58675
58829
58986
59085
59156
59216
59317
59397
59375
59288
59195
59130
59030
58916
58756
58600
58405
58173
57938
57669
56967
56802
56667
56395
56014
55619
55205
54777
54316
53832
53332
52719
52190
51623
51047
50428
49798
49425
48718
47962
47288
46623
45932
45236
44454
43768
43053
42305
41567
40903
40116
39314
38521
37729
36872
36192
35584
34927
34160
33342
32769
31861
30945
30117
29315
28444
27689
26942
26175
25416
24737
23958
23172
22420
21669
20927
20126
19432
18739
18036
17337
16646
16176
15425
14780
14199
13630
13062
12528
