46853
48581
50183
51534
52363
52598
52500
51440
49962
47638
45953
44251
42133
40198
38759
37807
37261
37266
38134
39020
40373
42448
44573
45992
46952
47407
47266
46452
45273
43530
41324
38678
36494
34662
33133
31602
30267
29604
29942
30840
31785
32747
33745
35286
36991
38505
39172
39055
38080
36903
35544
34310
31959
29925
27498
25422
24175
23069
22433
22355
22812
23655
24967
26658
28384
29916
30911
31683
31548
31214
30321
28848
26938
24897
22707
20901
19183
17466
16339
16044
16659
17213
18519
20162
21876
23500
25220
26672
27621
27855
27620
26761
25450
23902
22501
20499
18454
16594
15762
15015
14809
15345
16241
17542
19130
21234
23680
25877
27757
28796
29301
29283
28645
27712
26468
25161
23488
21747
20180
19009
18504
18615
19286
20550
22570
24822
26992
29333
31193
32532
33703
34471
34689
34303
33603
32746
31501
30011
28106
26828
26270
26306
26118
26532
27765
30008
32509
34758
37008
39182
41006
42360
42952
43050
42540
41674
40200
38856
37261
36102
35015
34538
34301
34355
34955
35912
37557
39602
41925
44358
46687
48597
49908
50316
50294
50248
49116
48039
46218
44692
42797
41330
40474
40353
40476
40604
41039
42636
44786
47026
49192
50942
52702
54053
54784
54756
54185
52902
51127
49264
46975
44795
43084
42213
41579
41422
41521
42623
43800
45418
46942
48690
50178
51608
52714
53042
52688
51509
50090
47968
45990
43857
42042
40038
38859
37951
37341
37662
38380
39519
40970
42345
43761
44904
46181
47039
47516
47202
45878
43712
41359
39445
37331
35338
33521
32144
30953
30162
30234
31075
32207
33395
34841
36140
37258
38201
38777
38817
38103
37027
35413
33885
31267
28708
26588
24770
23337
22539
22046
21967
22514
23403
24993
26514
28019
29520
30799
31747
31650
31671
30546
28882
27150
25188
22602
20171
18393
17381
16855
16534
16751
17386
18728
20644
22371
24025
25452
26970
28087
28321
27593
26642
25430
23897
22244
20332
18405
16900
15920
15312
14973
15225
16283
17924
20144
22294
24252
25856
27493
28986
29841
29600
28733
27480
26274
24909
22918
21105
19683
18690
18291
18556
19576
21050
23085
24982
27232
29346
31020
32419
33843
35173
35519
35073
33956
32794
31336
29860
28703
27592
26690
26313
26272
27162
28794
30694
32383
34271
36364
38097
39693
41123
42233
42561
42208
41120
40272
39233
37920
36441
35447
34720
34309
34075
34705
36012
37680
39542
41633
43574
45853
47667
49093
50024
50665
50509
49811
48155
46067
44103
42500
41464
40803
40390
39785
40071
41306
42548
44344
46586
48759
50981
52265
53214
53895
54198
53944
52620
50634
48839
46691
44949
43671
42329
41204
40507
41120
42498
43784
45191
46535
48054
49290
51057
52258
52737
52487
51740
50508
49366
47241
44720
42545
40517
38617
37213
36974
37577
38518
39448
40629
41899
43393
44683
45918
46682
47007
46896
45862
43773
41507
39491
37484
35548
33196
31562
30671
30418
30427
30647
31404
32825
34361
35623
36947
38201
39063
39216
38688
37455
36003
34049
32047
29733
27241
24913
23474
22289
22079
22015
22468
23764
25075
26676
28251
29835
30822
31305
31950
32102
31157
29336
27274
25253
22960
20671
18796
17494
16316
15724
16032
16802
18138
19911
21636
23263
24607
25683
26992
27860
28064
27231
26025
24569
22776
20734
19015
17889
16659
15727
15589
15497
16413
17605
19459
21409
23530
25643
27240
28298
29072
29255
28742
27635
26032
24667
23259
21470
20269
19329
19027
19092
19484
20300
22164
23985
26301
28489
30618
32213
33466
34544
35003
34885
34265
33315
31916
30315
28620
27309
26457
25911
25816
26555
28117
30084
32007
34279
36530
38426
39650
41020
42319
43044
43048
42506
41225
39393
37279
35679
34621
34084
34012
33837
34586
35959
37581
39648
42106
44514
46466
47812
48791
49639
49885
49794
49047
47752
46450
44637
42900
41357
40471
39793
39821
40318
41470
43124
44615
46392
48387
50485
52096
53199
53947
54222
53691
52675
51175
49750
47215
44908
43219
42337
42038
41645
41843
42241
43183
44722
46587
48320
49952
51328
52169
52703
52702
51896
50718
49165
46984
44669
42564
40339
38615
37719
37282
37300
38076
39367
40824
41988
43201
44615
45849
46818
46732
46035
45078
44205
42459
40181
37477
35127
33404
31871
30784
30009
29943
30552
31691
32884
34008
35087
36219
37525
38630
38981
38361
37014
35393
33712
32014
29967
27550
25176
23708
22823
22417
22333
22899
23492
24459
26161
27905
29551
30800
31686
31856
31877
31197
29606
27347
25034
22646
20377
18648
17598
17005
16413
16452
16684
17639
19441
21530
23245
24777
26214
26930
27505
27843
27229
25775
24109
22226
20536
18719
17161
16073
15171
15031
15364
16485
17727
19726
22083
24256
25811
26944
27971
28860
29387
29028
27720
26010
24415
23013
21358
19784
18529
17968
18101
19168
20761
22299
23974
26264
28876
30931
32530
33901
34898
35059
34598
33776
32638
31567
29936
28288
27031
26052
25723
26031
26949
28285
29964
31921
34213
36497
38611
40917
42142
42400
42395
42375
41987
40684
39311
37905
36721
35563
34459
34191
33955
34620
35883
37709
39561
41686
44177
46561
48357
49277
49708
49694
49762
49161
47720
45930
44431
43060
41995
41073
40124
39767
39730
40637
42163
44164
46415
48850
50344
52321
53725
54313
54419
53752
52232
50359
48738
47011
45320
43809
42557
41586
40919
40760
41703
43134
44858
46626
48389
49902
51338
52253
52545
52487
51664
50367
48437
46382
44414
42464
40618
39012
37993
37294
37218
37881
38859
40108
42337
44368
45858
46780
47360
47309
46513
45366
43810
41843
39021
36797
34891
33218
31541
30302
29591
29844
30709
31753
32910
33945
35268
36854
38255
39045
39146
38272
37084
35836
34573
32429
30350
27848
25672
24336
23163
22404
22359
22735
23494
24693
26312
28068
29776
30738
31573
31430
31072
30339
29010
27282
24947
22748
20950
19470
17736
16483
15814
16292
16932
18234
19854
21668
23304
24855
26455
27453
27861
27681
26978
25661
23929
22535
20898
18755
16822
15749
15022
14767
15219
16017
17285
19076
21100
23238
25299
27295
28657
29279
29228
28652
27882
26668
25542
23558
21902
20330
19199
18615
18581
19177
20570
22441
24584
26776
29082
31050
32837
33661
34390
34731
34440
33678
32921
31868
30406
28420
27004
26237
25998
25798
26272
27563
29818
32314
34423
36625
38777
40745
41821
42676
43080
42686
41733
40770
39303
37653
36332
35110
34547
34148
34458
34976
35832
37323
39376
41762
44164
46312
48205
49588
50623
50547
50348
49329
48375
46684
44738
43090
41503
40763
40229
40163
40649
41283
42430
44670
46660
48799
50814
52753
53992
54755
54822
54160
53200
51389
49669
47293
45115
43341
42135
41352
40962
41475
42376
43606
45150
46733
48347
49983
51357
52612
53068
52781
51681
50275
48081
46345
44145
42268
40442
39105
38016
37279
37562
38269
39245
40841
42551
43780
44762
45947
46924
47453
47324
46091
44043
41951
40217
37917
35566
33914
32685
31194
30216
30098
30864
32106
33257
34131
35635
37131
38151
38637
38806
38382
37119
35675
34036
31890
29171
26957
25192
23552
22573
22068
21908
22412
23413
24621
26108
27703
29301
30633
31567
31768
31746
30791
29202
27407
25435
23163
20576
18607
17169
16274
15970
16600
17134
18437
20217
22146
23751
25226
26902
27930
28412
27684
26730
25544
24233
22424
20698
18625
17020
16017
15214
14889
15141
16128
17514
19734
21945
23766
25731
27248
28733
29776
29719
28791
27597
26456
25296
23336
21473
19828
18723
18300
18514
19349
20780
22755
24997
27045
29127
30742
32362
34106
35260
35494
35054
34126
33021
31579
30102
28836
27702
26720
26221
26333
26981
28529
30434
32239
34374
36220
37786
39440
41194
42462
42715
42314
41593
40724
39615
38090
36580
35471
34752
34408
34466
34630
35807
37401
39132
41200
43272
45513
47484
48745
49646
50353
50402
49501
48235
46404
44289
42626
41450
40760
40125
39817
40020
40592
42265
44070
46202
48296
50317
51966
53129
53772
54086
54032
52800
50944
48636
46754
45127
43807
42503
41261
40798
41426
42372
43608
44875
46327
47800
49359
50910
52030
52722
52621
51799
50798
49452
47335
44934
42786
40869
38899
37374
36871
37491
38400
39316
40292
41426
43062
44576
45868
46575
46998
46902
46075
44096
41801
39665
37873
35747
33734
32070
30825
30434
30446
30549
31232
32549
34131
35425
36686
38035
38894
39244
38809
37617
36259
34271
32270
30037
27516
25407
23772
22635
22232
21877
22370
23465
24667
26198
27897
29556
30721
31272
31857
31834
31170
29516
27516
25562
23161
20876
19018
17732
16456
15599
16139
16578
18359
19858
21440
23051
24519
25887
26973
27763
28034
27358
26170
24651
23011
21109
19287
17790
16569
15824
15536
15387
16232
17208
19137
21073
23144
25355
26951
28268
28915
29206
28743
27714
26450
25197
23299
21721
20417
19495
19080
19007
19440
20093
21809
24197
26014
28047
30343
32026
33503
34499
34991
34940
34364
33382
32205
30619
28958
27576
26581
26049
25987
26553
27879
29817
31913
33955
36236
38163
39620
40800
42000
42903
43113
42376
41400
39740
37645
35928
34865
34121
33866
34175
34619
35741
37307
39301
41619
44142
46175
47589
48883
49687
49865
49778
48896
47897
46844
44994
43239
41783
40748
40058
39700
40374
41721
42944
44181
46071
48090
50161
51601
53004
53838
54216
53904
52915
51489
49945
47707
45284
43417
42396
42101
41834
41726
42117
42674
44442
46296
48091
49852
51157
52041
52740
52660
52068
51001
49471
47396
45053
42865
40948
39077
37826
37361
37230
37932
39135
40475
41724
42929
44443
45883
46695
46813
46194
45446
44485
42876
40776
37879
35391
33561
32155
30815
30133
29926
30407
31525
32517
33977
35045
36099
37409
38517
38977
38590
37308
35648
33832
32142
30361
27931
25566
23716
22951
22371
22400
22817
23588
24758
26210
27760
29369
30626
31525
31982
32104
31216
29744
27712
25395
22997
20877
18894
17438
17091
16697
16490
16723
17536
19327
21233
22994
24876
26285
26983
27470
27806
27471
26053
24201
22389
20799
18952
17219
16203
15362
15148
15368
16139
17557
19547
21706
23810
25598
26829
27795
28762
29344
29153
27950
26268
24957
23525
21915
20027
18669
17988
18012
18994
20516
22095
23852
26053
28688
30747
32387
33571
34648
35060
34844
33904
32676
31425
30001
28616
27163
26158
25994
26236
27025
28150
29661
31812
34102
36184
38337
40502
41997
42452
42375
42362
41921
41099
39915
38260
36825
35738
34652
33837
33735
34316
35629
37453
39352
41522
43962
46268
48138
49483
49975
50022
49739
49177
48156
46319
44573
43195
42190
41031
40230
39907
39728
40383
41834
43837
46292
48429
50229
52081
53526
54308
54474
53796
52475
50915
49276
47577
45852
44110
42719
41600
40783
40817
41683
43029
44575
46334
48236
49691
51162
52084
52569
52510
51829
50337
48522
46639
44686
42919
40878
39129
37979
37387
37216
37679
38740
39937
41716
43904
45614
46666
47233
47350
46738
45668
44033
41981
39475
37201
35245
33700
31891
30562
29580
29810
30611
31738
32689
33807
35036
36653
38067
38948
39093
38423
37333
36061
34796
32734
30688
28232
26104
24426
23037
22403
22306
22688
23414
24433
25866
27727
29515
30913
31797
31654
31361
30574
29431
27527
25329
23265
21437
19796
17971
16805
15912
16351
17021
18112
19721
21477
23068
24749
26358
27338
27801
27682
27110
25913
24386
22865
21187
19004
16992
15789
15003
14726
15101
15825
17038
18607
20568
22916
25103
27115
28558
29187
29308
28820
27970
26949
25661
23991
22284
20669
19351
18619
18548
19042
20303
22146
24174
26658
28790
30778
32329
33464
34219
34726
34457
33794
33051
32190
30844
28894
27134
26286
26079
25962
26285
27374
29449
31772
34183
36359
38469
40268
41892
42853
43115
42773
41922
40902
39447
37795
36430
35289
34814
34460
34240
34718
35653
37068
38961
41374
43612
45964
47990
49267
50366
50702
50305
49644
48299
46788
45144
43381
41680
40648
39790
40378
40658
41018
42035
44193
46463
48536
50257
52224
53811
54615
54849
54347
53329
51754
49845
47499
45444
43554
42103
41434
41135
41629
42143
43257
44806
46450
48128
49875
51340
52557
53097
52900
51936
50521
48708
46822
44508
42581
40896
39309
38119
37334
37525
38186
39094
40477
42202
43551
44604
45736
46816
47470
47408
46380
44379
42401
40233
38064
35814
33812
32414
31128
30289
30101
30770
31738
32987
34313
35648
36999
37912
38583
38867
38461
37416
35897
34293
32121
29542
27205
25226
23789
22908
22126
21927
22246
23260
24508
25935
27409
29121
30423
31463
31820
31869
31184
29409
27763
25706
23293
20770
18765
17616
16689
16697
16673
16839
18097
19982
21873
23516
25272
26767
27851
28381
27835
26893
25746
24333
22788
21054
18887
17393
16162
15318
14958
15006
15811
17192
19270
21549
23581
25551
27082
28591
29617
29795
28992
27964
26653
25288
23462
21555
20035
18965
18346
18462
19281
20481
22459
24592
26877
28854
30527
31977
33486
34790
35400
35149
34333
33045
31623
30233
28983
27791
26820
26313
26438
26828
28288
30154
31845
33823
35906
37556
39157
40737
42287
42965
42563
41546
40378
39617
38282
36897
35770
34956
34492
34328
34673
35620
37145
38823
40905
43008
45224
47220
48581
49971
50579
50668
49851
48645
46734
44559
42773
41581
40435
39951
39922
40004
40786
42081
43733
45806
48002
50088
51842
52980
53645
54062
54068
53106
51153
49086
47067
45303
43929
42822
41594
40952
41218
41890
43252
44633
46092
47498
49082
50726
51922
52727
52638
51914
50908
49416
47421
45265
43094
40946
39177
37542
36964
37362
38217
39153
40196
41396
42952
44420
45610
46584
46891
46924
46212
44363
42122
40097
38260
36148
34065
32354
31004
30519
30483
30490
31123
32111
33714
35170
36535
37866
38807
39168
38881
37801
36377
34640
32688
30411
27865
25713
23938
22725
22118
22078
22323
23271
24639
25806
27409
29273
30612
31232
31768
31849
31208
29972
27887
25781
23522
21187
19428
17744
16504
15749
15687
16035
17799
19362
21035
22768
24483
25937
26819
27605
28121
27481
26373
24962
23446
21263
19539
18127
16786
15747
15417
15426
16094
17124
18876
20635
22830
25151
26897
28048
28926
29322
28866
27839
26668
25421
23736
22122
20506
19604
19122
18984
19184
19961
21511
23759
25858
27749
29975
31958
33582
34427
34967
34998
34474
33531
32504
30911
29221
27699
26724
26123
26080
26633
27833
29507
31513
33503
35777
37896
39504
40604
41822
42858
43125
42610
41653
40110
37962
36107
34947
34209
34121
33712
34192
35533
37072
38928
41090
43563
45846
47314
49021
49698
49851
49786
48960
48031
46779
45107
43394
41932
40795
40046
39847
40128
41473
42718
44035
45625
47764
49796
51659
52949
53829
54233
54009
53237
51694
49954
47919
45609
43673
42559
42176
41897
41782
41980
42841
44252
46016
47828
49510
50987
52044
52527
52655
52185
51071
49271
47545
45317
43230
40996
39321
37947
37418
37180
37736
38875
40156
41416
42874
44226
45686
46644
46821
46342
45592
44506
43070
41060
38423
35793
33993
32537
31106
30181
29697
30338
31318
32464
33854
34928
35939
37222
38325
39008
38684
37503
35921
34306
32756
30814
28397
25996
24017
23121
22502
22289
22658
23466
24447
25865
27451
29212
30530
31470
31834
31950
31320
30016
28070
25797
23480
21115
19226
17930
17151
16619
16439
16735
17373
18960
20860
23038
24552
25897
26770
27376
27753
27607
26273
24564
22859
21037
19215
17659
16443
15455
15203
15266
15967
17149
19149
21360
23584
25428
26704
27676
28539
29261
29247
28189
26635
25018
23650
22013
20283
18921
18028
17966
18754
20195
21874
23381
25791
28264
30469
32156
33336
34569
35115
34902
34058
33135
31774
30310
28903
27372
26323
25875
25813
26956
28119
29582
31565
33563
35847
38053
40356
41902
42390
42380
42347
42306
41535
39974
38362
36980
35871
34855
33986
33729
34226
35631
37291
39143
41156
43593
46000
47891
48996
49967
49958
49926
49067
48046
46551
44774
43431
42118
41126
40307
39854
39927
40610
41820
43605
45875
48064
49938
51781
53293
54078
54386
53954
