31576
31272
31176
31308
31589
31943
32533
33011
33607
33935
34398
33853
33961
34327
34680
34779
34861
35110
35234
35787
36111
36055
36410
36494
36638
36825
37549
38164
38297
38114
38170
38524
38943
39634
40499
40829
40554
40250
40687
41243
41448
41570
41580
41554
42182
42914
43298
43889
44176
43898
43690
43417
43810
44868
45524
45362
45120
45201
45602
45774
45834
46357
47036
47364
47273
47556
48191
49251
49261
48893
48387
48505
49036
49466
49083
49418
50174
50794
51326
51422
51232
51180
51641
52172
52033
52139
52673
53492
53912
53964
53673
53973
54619
54573
54158
54281
54510
54958
55578
56562
57256
57449
57523
57635
57661
57919
58101
58571
58568
58619
58874
59301
59638
59829
60117
60949
61313
61585
61444
61648
62235
62921
60705
48457
28465
13087
8173
8699
9325
9860
10699
11215
11337
11332
11455
12075
12402
12609
13225
13150
12968
12807
13387
13979
13983
14358
14720
14683
15179
15697
16449
16583
16363
16721
17360
17539
17661
17746
18370
18542
18894
18956
19045
19084
19583
19763
20136
19809
19595
19769
20490
21218
21621
22094
22776
23240
23811
23464
22759
22721
23323
24077
24451
24382
24042
24011
24329
24694
25102
25369
26024
26439
26666
26599
26523
26972
27417
27994
28471
28305
28286
28602
28991
29403
30082
30772
30816
31139
31071
31585
31707
31664
31559
32045
32017
32223
32608
33317
33536
33736
34073
34559
34771
34513
34321
34731
35201
36027
36190
35896
35914
36306
36843
36717
36476
37080
37917
38515
38525
38352
38586
39024
39215
39482
40140
40225
40597
41218
41366
41674
42086
42113
42079
41519
41714
42644
43497
43670
43688
44005
44685
44901
44554
44337
44478
44718
44927
45326
45625
45701
46083
46289
46635
47161
47412
47618
47740
48071
47954
48318
48254
48157
48333
48748
49234
48883
49559
50178
50782
51381
51421
51219
51910
52485
52864
52875
52583
52702
53251
54014
54725
54756
54795
54277
54753
55069
55702
56168
56153
56672
56153
55892
56590
57468
57356
57190
57683
58315
59233
59472
59495
59171
59488
59762
59688
59962
60256
60498
60699
61769
62744
62901
59358
46402
27169
13424
9673
10032
10536
11005
10617
10111
9888
10724
11622
12036
11966
12009
12598
13526
14124
14297
14127
14271
14794
14915
14917
14917
15685
16240
16186
16207
15708
15658
16107
16992
18161
18547
18206
17329
17358
18090
18633
18837
19285
19876
20139
20391
20413
20272
20014
20610
21223
21620
22061
22316
22466
22830
23067
23318
23520
23460
23775
23845
24200
24710
25239
25801
26113
26305
25862
25864
26112
26587
27236
27356
27419
27579
28023
27945
28251
28770
29079
29262
29631
30148
30481
30575
30821
31149
31396
31193
30993
30980
31719
32398
33252
33736
33876
33946
33867
34015
34251
34127
34108
34052
34325
34788
35386
35875
35856
36066
36647
37166
37357
37230
37128
37543
38490
39289
39438
39233
38904
38593
38634
39450
40139
40454
40934
41168
41220
41037
40857
41120
41415
41711
41952
42422
42571
42729
42930
43290
44059
44326
44534
44286
44335
45159
45634
45882
46410
46918
47105
47076
47015
46936
47342
47568
47744
47930
48408
48808
49069
49056
49214
49393
49652
49923
50079
50476
50580
50952
52003
52745
52870
52571
52812
53236
53669
53507
53877
54223
54661
54814
55038
55580
55968
55672
55788
55795
56081
56677
56843
56625
56883
57374
57937
58327
58829
59613
59946
59525
58974
59108
59531
59939
60059
60328
60610
61091
61444
62077
60521
50542
32001
15601
9598
9816
10365
9958
9995
10300
10786
11318
11499
12043
12510
12983
12747
12575
12602
13180
13807
14088
14378
13837
14146
15029
15333
15213
15335
15603
16284
16952
17385
17739
17634
18310
18393
18549
18358
18380
18940
19500
19862
20056
20195
20207
20122
20237
20162
20710
21446
21394
21583
21768
22029
22421
23087
23711
24337
24391
24176
24030
24027
24425
24975
25587
25762
25670
25313
25958
26743
27174
27455
27080
26766
27101
27777
28799
29126
29346
29419
29332
29029
29489
30157
30288
30207
30511
30939
30943
31051
31320
32239
32563
32804
33176
33325
33333
33357
33818
34664
35304
35360
35355
35579
35922
35902
35985
35775
35989
36336
36803
36994
36985
36833
36875
37848
38676
39086
39103
39093
39124
39240
39800
39749
39290
39552
40340
40105
40090
40709
41535
42332
42721
42666
42773
42449
42550
42519
42991
43500
44135
44484
44820
45304
46217
46597
46394
46035
45832
45956
46251
46747
46940
46844
46894
47593
48363
48793
49142
49486
49939
50041
50585
51586
51682
51456
51256
50993
50744
51031
51868
52319
52083
52026
52481
53269
53464
53684
54355
54658
54887
55182
55191
55590
55419
55351
55655
55991
56283
56546
57272
58089
58075
57202
57316
57517
58204
58794
59814
60679
60546
60197
60483
60666
60705
60821
60962
61091
61951
60908
51315
32280
15711
9592
9977
10744
10796
11068
11162
10910
10803
11206
11672
11824
12035
12041
12452
13164
13782
13940
14292
14820
15188
15175
15168
15466
15361
15314
15773
16298
16503
16466
16762
17588
17878
18189
18025
18086
18002
17993
18486
18765
19335
19666
19776
19585
19519
19812
20405
20991
21912
22228
22211
21862
21412
21716
22686
23424
24038
24069
23908
24062
24928
25558
25444
25483
25852
25872
26228
26457
26631
26930
27259
27181
27287
27531
27933
28471
29231
30093
30744
30882
30804
30517
30002
30395
30856
30616
30995
31134
31370
31401
31846
32316
32759
33242
33778
34316
34218
33980
34361
34455
34657
34694
35149
35144
35665
36091
36079
36355
36707
36542
36701
37447
38143
38373
38136
38180
38552
38883
39573
40298
41028
41060
40225
40628
41314
41346
41753
41750
41753
41994
42503
43224
43735
44167
43942
43566
43351
43684
44813
45523
45513
45159
45142
45547
45799
45821
46544
47679
47655
47403
47383
47992
49116
49271
49130
48661
48762
49538
49603
49338
49578
50070
50681
51370
51471
51441
51033
51654
52323
52131
52014
52505
53273
53930
53776
53897
53957
54571
54527
54342
54123
54213
54626
55582
56306
56995
57226
57655
57729
57732
57837
57915
58169
58339
58349
58650
59186
59624
59886
60110
60754
61239
61612
61554
61740
62030
62824
61182
50259
30615
13993
8342
8735
9321
9705
10381
11111
11217
11122
11457
11928
12113
12655
13130
13326
13032
12731
13317
13957
13792
14169
14316
14536
15226
15634
16242
16339
16440
16677
17530
17845
17754
17865
18176
18399
18630
18744
18789
19046
19511
19864
19924
19869
19615
19841
20436
21141
21614
22013
22578
22979
23110
23249
22796
22948
23280
23981
24295
24147
24472
24217
24163
24550
24547
25250
25718
26502
26726
26624
26750
27176
27438
27885
28264
28568
28476
28530
28949
29522
29906
30540
30975
31213
31075
31333
31328
31573
31593
31781
31828
32135
32618
33209
33477
34005
34085
34474
34817
34614
34413
34805
35310
35972
35999
36142
35845
36195
36694
36879
36461
36973
37813
38369
38442
38317
38518
38849
38701
39178
40225
40107
40261
40893
41240
41459
41864
42314
42106
41461
41853
42708
43548
43570
43760
43981
44633
44904
44585
44266
44547
44701
44899
45223
45703
45701
45950
46070
46384
46928
47448
47865
48336
48452
48180
48083
48326
48027
48194
48591
49065
49351
49522
50147
50818
51090
51255
51360
51600
52159
52764
53046
52854
52587
53174
53841
54611
54713
54636
54746
54774
55241
55486
55877
56358
56680
56224
55691
56329
57086
57466
57354
57662
58234
58640
59241
59254
59348
59255
59672
59717
59740
60093
60514
60568
61497
62585
62965
60456
49139
30260
14926
9784
9770
10622
10935
10639
9988
9973
10786
11561
12135
12114
12113
12387
13270
14116
14266
14220
14253
14309
14964
14574
14470
15598
15953
16415
16128
15685
15752
16095
16894
18056
18587
18261
17498
17417
18024
18499
18812
19056
19932
20300
20262
20471
20216
20055
20448
21083
21640
22098
22638
22865
22986
22942
22890
23155
23696
23988
24186
24381
24679
25549
26128
26257
26328
25852
25792
26059
26413
26965
27443
27394
27414
27994
28169
28163
28516
29077
29245
29351
29608
30053
30359
30735
31131
31375
31296
31113
31113
31514
32587
33072
33704
33737
33935
33854
34051
34310
34411
34365
34447
34596
34900
35429
35851
35888
36056
36488
37145
37236
37343
37115
37456
38371
38842
39337
39276
38978
38699
38838
39569
40275
40564
41033
41118
41201
41016
41019
41059
41166
41621
41933
42198
42464
42979
43013
43279
43960
44550
44430
44353
44350
45056
45488
45916
46349
46884
46934
47092
47279
47573
47639
47618
47863
47688
48405
48903
48950
49218
49680
49778
50008
49689
50241
50418
50416
51197
52049
52776
52917
52762
52749
53255
53708
53571
53796
54223
54718
54804
55025
55548
55627
55750
55695
55854
56134
56418
56505
56810
57118
57485
57749
58399
59061
59839
59966
59345
58795
59027
59640
59915
60080
60511
60628
60907
61490
61934
61173
52885
35149
17606
9750
9714
10335
9903
9746
10282
10636
11260
11335
11953
12593
12965
12983
12607
12640
13102
13651
13937
13924
13926
14090
14931
15038
15150
15345
15804
16299
17236
17093
17306
17437
17938
18287
18072
18413
18548
19073
19666
19788
20041
20106
20194
20057
20157
20205
20823
21394
21210
21661
21965
22069
22667
23062
23501
24021
24162
24274
23843
24177
24938
24915
25515
25592
25758
25805
25905
26653
27124
27429
27289
26709
27039
27562
28602
29254
29443
29379
29417
29221
29356
30021
30629
30472
30502
30867
31020
31417
31686
32022
32239
33071
33526
33744
33763
33620
33503
34433
35267
35429
35334
35357
35776
35978
35837
35714
35942
36292
36838
36884
36977
36900
36802
37690
38591
39075
39013
39218
39040
39293
39765
39446
39302
39506
40291
40546
40378
40510
41298
42108
42466
42632
42424
42243
42736
42455
42925
43530
44001
44325
44671
45186
46045
46609
46426
46116
46034
45914
46361
46612
46860
46856
46944
47429
48231
48561
49321
49377
49652
49916
50676
51610
51866
51567
51272
50911
51091
51118
52012
52496
52060
51926
52450
53179
53455
53805
54175
54783
54877
55208
55067
55391
55594
55364
55464
56066
56387
56890
57830
58416
58131
57575
57338
57634
58034
58952
59797
60292
60330
60477
60577
60589
60877
60833
60954
61066
61601
61421
53689
35345
17146
9909
9940
10694
10756
10918
11116
11010
11229
11338
11521
11893
11936
12197
12382
13168
13629
14056
14650
14983
15076
15497
15349
15314
15138
15121
15847
16356
16573
16492
16909
17235
17691
18183
18298
18059
17837
18173
18361
18600
19130
19556
19851
19533
19461
19778
20193
20891
21493
21992
21748
21661
21397
21617
22326
23404
23974
24063
24052
24115
24651
25167
25517
25661
25939
26053
26171
26313
26618
26987
27024
26832
27436
27725
27988
28372
29094
30044
30621
30769
30847
30436
30284
30416
30735
30944
31271
31146
31420
31555
31917
32308
32778
33352
33825
34020
33867
34003
34776
34572
34709
34792
34807
34996
35590
36077
35966
36273
36549
36608
36827
37342
38129
38604
38322
38272
38521
39195
39663
40199
40840
40576
40357
40614
41240
41532
41529
41702
41718
41994
42604
43175
43633
44089
43943
43452
43227
43556
44391
45448
45617
45344
45154
45560
45607
45801
46489
47020
47509
47431
47563
47996
48450
48990
49169
48752
48621
49463
49512
49441
49574
50271
50682
51359
51688
51626
51008
51429
51923
52268
52155
52557
53362
53873
53872
53713
54033
54463
54727
54360
54074
54862
54971
55218
56048
56850
57276
57489
57978
57952
57527
57932
58157
58584
58551
58425
59001
59538
59652
59907
60561
61094
61357
61557
61596
62003
62887
61842
51950
33763
15950
8610
8601
9499
9970
10510
11216
11344
11237
11364
11798
12245
12427
12959
13267
12939
12760
13200
13784
13709
14289
14697
14881
15218
15775
16194
16206
16257
16748
17244
17700
17589
17855
18212
18461
18645
18739
18961
18958
19203
19818
20095
19887
19639
19815
20335
21119
21392
21963
22488
23107
23074
23013
22672
22697
23329
24013
24291
24357
24638
24271
24184
24420
24654
24979
25702
26476
26624
26679
26676
26758
27315
27782
28228
28436
28477
28579
29020
29534
29884
30379
30809
30904
30939
31170
31492
31537
31582
31919
32090
32328
32293
33037
33798
33991
33790
34484
34530
34469
34400
35006
35325
35735
35863
35933
35921
36090
36634
36818
36528
36850
37643
38407
38278
38407
38426
39016
38933
39202
39697
40073
40171
40755
41393
41401
41818
42320
41969
41864
41905
42815
43229
43621
43700
43882
44384
44848
44566
44285
44378
44643
44897
45075
45318
45733
45998
46124
46636
46695
47162
47724
48019
47766
47949
47683
47942
47794
48181
49041
48749
48867
49400
50470
50642
51186
50882
51075
51843
52491
52852
52874
52657
52592
52955
53738
54493
54871
54769
54665
54570
54881
55550
55888
56130
56341
56153
55986
56373
56826
57298
57417
57537
57895
58836
59217
59453
59082
59048
59640
59718
59669
60074
60250
60557
61317
62335
62924
61324
50879
33165
16718
10098
9674
10460
10985
10878
9940
9910
10539
11575
12159
12196
12003
12217
13282
13995
14299
14206
14232
14143
14650
14519
14835
15502
16334
16542
16282
15604
15771
15677
16604
17648
18541
18391
17472
17437
17917
18573
18842
19044
19799
20238
20433
20382
20233
20067
20369
21071
21567
21966
22361
22983
23019
22918
23078
23364
23593
23832
23871
24049
24492
25535
26088
26273
26131
25865
25728
26135
26578
26905
27299
27342
27637
27938
28126
28171
28681
29156
29259
29342
29839
30278
30571
30700
31466
31636
31378
30968
31200
31464
32310
33005
33556
33719
33938
33746
33939
34203
34338
34339
34309
34377
34714
35334
36055
35841
35938
36371
36912
37224
37390
37062
37400
38127
38990
39253
39212
38931
38680
38396
39245
40133
40573
40769
41374
41340
41203
41040
41178
41237
41592
42051
42413
42685
42830
42660
43340
43935
44319
44566
44441
44342
44883
45664
45887
46263
46809
47188
46966
47164
47436
47271
47437
47734
47685
48217
48947
49583
49154
49564
49572
49792
49920
49912
50153
50549
51085
51923
52705
52797
52747
52799
53258
53405
53653
53739
54141
54385
54717
54949
55567
55891
55761
55727
55770
55999
56322
56682
56781
56818
57404
57631
58263
58851
59684
60000
59381
59177
59136
59660
59904
60059
60192
60508
60714
61340
62013
61500
54907
37293
19810
10525
9926
10477
9994
9875
10116
10602
11146
11505
11850
12468
12903
12756
12487
12678
12964
13228
14020
13913
13826
14006
14718
15089
15281
15374
15498
16079
16851
17080
16899
17656
18308
18510
18345
18136
18263
18775
19275
19746
19838
20133
20042
20335
20112
20206
20550
21082
21618
21686
22013
22035
22202
22789
23416
24273
24614
24603
24081
24174
24650
25166
25152
25710
25492
25564
25667
26422
27073
27431
27389
26963
27173
27659
28402
29135
29287
29490
29469
29159
29169
29806
30456
30230
30496
30862
31076
31361
31334
31997
32224
32824
33561
33649
33618
33597
33563
34205
35051
35657
35542
35574
35876
35968
35886
35845
35771
36404
36818
36920
36913
36890
36741
37454
38753
39145
39093
39042
39249
39140
39635
39629
39604
39592
40228
40469
40194
40461
41419
41856
42364
42930
42938
42708
42432
42740
43047
43613
44033
44543
44560
45041
45888
46570
46509
46225
45899
46035
46290
46496
46868
46882
46943
47178
48254
48819
48923
49046
49545
49764
50516
51236
51787
51546
51429
51091
50894
50803
51552
52361
52188
51835
52329
52934
53359
53672
54153
54371
54800
55311
55450
55554
55857
55587
55566
55994
56317
56465
57515
58317
57951
56913
56921
57510
58004
58507
59288
60192
60551
60411
60540
60681
60806
60781
61029
61052
61863
61844
55106
37632
18811
10082
9416
10477
10716
11067
11068
11028
10993
11111
11642
11939
11905
11939
12246
13085
13701
13985
13991
14776
14973
15358
15427
15415
15417
15088
15984
16386
16346
16499
16754
17114
17646
17975
18308
18536
18187
18293
18243
18284
18848
19518
19848
19676
19408
19655
20247
20984
21243
22014
22178
21966
21512
21608
22261
23164
24207
24319
24107
24166
24807
25157
25569
26039
26187
25871
25984
26437
26576
26824
26890
27191
27195
27573
27962
28393
29049
29905
30460
30734
30768
30574
30110
30245
30926
31227
30781
30842
31311
31390
31697
32063
32594
33220
33881
34228
34199
34074
34604
34968
34785
34791
35108
35239
35557
35954
36223
36302
36556
36618
36628
37110
38101
38209
38323
37930
38414
38810
39508
40144
40930
40726
40592
40539
40948
41442
41541
41588
41612
41779
42332
42845
43440
43970
44106
43545
43318
43606
44266
45334
45718
45366
45105
45468
45696
45876
46308
47045
47215
47413
47512
48014
48704
49030
49182
48713
48516
49171
49470
49688
49339
49595
50246
51115
51708
51498
51079
51374
51951
52047
52307
52572
53226
53620
53940
53758
53803
54319
54655
54446
54114
54593
54938
55203
56056
56718
57616
57370
57612
57581
57822
58055
58227
58183
58181
58237
59014
59531
59776
60006
60682
61176
61502
61635
61550
61839
62672
62460
54820
36821
18015
9173
8287
9002
9529
10133
11037
11407
11194
11298
11864
12152
12400
12919
13266
12939
12826
12736
13686
13890
14282
14487
14701
15256
15819
16525
16688
16529
16640
17204
17833
17610
17717
18153
18320
18610
19051
19034
19012
19372
19759
20071
19855
19859
19682
20260
20975
21517
21817
22299
22915
23301
23335
22839
22645
23204
23990
24021
24040
24042
24108
24184
24088
24462
24939
25735
26106
26719
26790
26627
26711
27207
27691
28227
28303
28388
28572
28919
29379
29795
30660
31011
30930
30999
31169
31560
31584
31629
31749
