37155
37342
37192
37537
37653
37783
37714
37697
38142
38207
38726
38515
38852
38579
38823
38819
39026
39335
39278
39483
39526
39836
39673
39909
39890
40273
40308
40697
40623
40854
40895
41274
40805
41183
41364
41574
41561
41725
41703
41900
42022
42083
42592
42355
42689
42603
42826
42739
42916
43295
43417
43616
43878
43586
43925
44034
44233
44192
44394
44460
44701
44514
44870
45198
45094
45062
45568
45552
45585
45684
45908
46105
45869
46264
46434
46731
46431
47150
47028
47341
47302
47464
47243
47679
47562
47842
47868
48154
48254
48231
48395
48654
48660
48868
48920
49124
49288
49308
49457
49380
49939
49812
50362
50055
50355
50245
50517
50549
50847
51029
50933
51365
51727
51718
51250
51601
51759
51795
52052
52383
52219
52529
52496
52737
52640
53148
52989
53493
53712
54169
54086
54050
53803
53577
54090
54184
54408
54370
54598
54730
55127
55025
54972
55039
55186
55641
55685
55956
55796
56200
55969
56370
56254
56708
56643
56981
57028
57193
57202
57442
57564
57705
57673
58158
58095
58078
58304
58295
58419
58572
59255
59691
57495
47127
34081
30282
30123
29832
24654
20988
19526
19571
18368
19843
18689
20080
20249
20399
20716
20815
22024
20858
22243
21623
22649
20466
17171
13688
10687
9187
8926
9226
9296
9409
9678
9672
9945
9842
9830
10295
10678
10625
10833
10804
10872
10697
11019
10990
11389
11367
11794
11703
11848
11737
12035
12006
12418
12340
12812
12793
12837
12903
13111
13331
13566
13673
13487
13746
13982
14277
13955
14516
14496
14870
14687
14936
14758
15220
15125
15412
15443
15559
15562
15833
16169
16131
16269
16524
16707
16593
16570
16623
16967
16916
17325
17230
17703
17690
17811
17926
17967
18268
18266
18464
18374
18569
18765
18998
18758
19099
19180
19257
19431
19871
19802
19958
19983
20440
20457
20703
20580
20979
21009
21251
21115
21256
21261
21450
21669
21815
22164
22049
22156
22096
22257
22364
22787
22910
23013
23155
23349
23745
23466
23782
23696
23884
23880
24267
24195
24327
24246
24972
24752
24974
25046
25234
25219
25547
25521
25750
25940
25853
25965
25953
26409
26304
26615
26300
26635
26710
26961
27149
27553
27479
27714
27670
27944
27746
28003
27863
28329
28724
28893
28781
28874
28658
29131
29055
29265
29463
29528
29707
29922
30106
30172
30408
30015
30493
30381
30890
30930
31217
31008
31407
31329
31409
31698
31755
31670
31744
32152
32290
32226
32447
32518
32557
32614
32729
33239
33157
33600
33288
33613
33542
33962
33903
34129
34385
34615
34668
34805
34907
34852
34978
34795
35084
35185
35326
35308
35593
35578
36116
35762
36395
36229
36620
36859
36730
36665
36972
37039
37170
37455
37676
37680
37586
37920
37851
38396
38084
38476
38415
38545
38717
38597
38835
38996
39302
39129
39279
39239
39559
39698
39998
39777
40165
40168
40531
40341
40670
40783
41099
41007
41289
41230
41384
41640
41630
41989
41720
42160
42200
42309
42429
42823
42677
43021
42914
43316
43425
43627
43462
43659
43638
43838
43932
44059
44260
44373
44506
44670
44500
44462
44484
44962
45405
45600
45374
45587
45709
45692
45595
45687
46474
46180
46335
46516
47117
46817
47001
47034
47240
47361
47586
47704
47861
47919
47856
47754
47983
48421
48633
48923
48610
49171
49102
49388
49208
49487
49401
49602
49488
49963
50021
50265
50396
50632
50615
50559
50856
50973
51290
51289
51428
51283
51500
51541
51923
51880
52315
52079
52488
52653
52949
52840
53214
53106
53018
53618
53650
53659
53571
54015
53818
54294
54213
54431
54261
54397
54688
54969
55142
55283
55409
55437
55776
55553
55880
55759
56246
56002
56355
56509
56837
56726
57308
57112
57188
57302
57514
57431
57408
57629
57724
57845
58101
58585
58450
58638
58517
58986
59241
58427
50408
38365
33003
30873
30150
24777
20971
19566
19550
18747
20089
18664
20938
18836
20445
20700
20634
21849
20940
22141
20988
22211
19997
16976
13667
10616
9329
8970
9235
9283
9667
9808
9885
9834
9958
9919
9951
10163
10291
10348
10428
10761
10875
11330
10989
11383
11377
11627
11608
11826
11682
12126
12219
12401
12270
12809
12959
13194
13004
13213
13088
13470
13594
13855
13667
13852
14079
13936
14371
14579
14591
14470
14755
14701
15311
15137
15464
15609
15764
15820
15799
16094
16199
16111
16387
16507
16649
16668
16665
17001
17018
17369
17300
17636
17546
17970
17779
18090
18199
18151
18285
18739
18655
18585
18881
19040
19059
19577
19758
19743
19699
19703
20253
20061
20354
20229
20452
20664
20812
21050
21394
21251
21155
21244
21669
21833
21733
21915
21803
22202
22100
22191
22077
22578
22749
22859
22963
23246
23495
23389
23781
23636
23977
24003
24254
24169
24328
24133
24368
24372
24894
24834
25017
25007
25405
25502
25527
25874
25906
25947
25957
26416
26267
26183
26495
26754
27053
27468
27110
27242
27025
27597
27990
28136
27809
28119
28078
28234
28504
28647
28599
28675
28731
29043
29221
29454
29394
29639
29826
30010
30099
29988
30276
30369
30811
30850
30997
30807
31246
31000
31364
31238
31599
31574
31800
31739
31937
32060
32182
32194
32447
32499
32665
32899
32668
33328
33021
33474
33468
33724
33751
33912
33903
34344
34406
34469
34530
34593
34631
34734
34797
34778
35248
35460
35613
35458
35924
35598
35896
35755
36254
36174
36582
36310
36907
36763
36987
36856
37048
37258
37401
37561
37517
37962
38022
38427
37991
38121
38288
38645
38594
38971
39043
39156
39162
39134
39593
39441
39760
39617
39921
39756
40167
40139
40471
40296
40961
40879
41013
40943
41465
41581
41601
41557
41459
41775
41779
42187
42038
42214
42240
42724
42654
43024
42728
43324
42877
43434
43460
43715
43562
43764
44043
44135
44464
44429
44264
44448
44705
45076
45075
45229
45171
45485
45396
45652
46116
45923
45988
46225
46401
46408
46728
46457
46679
46687
47302
47135
47325
47232
47388
47487
47621
47656
47898
48204
48652
48811
48585
48670
48749
48975
48778
49152
49295
49848
49551
49741
49629
49899
49972
50429
50332
50575
50602
50694
50778
51047
51213
51209
51280
51264
51805
51679
52102
52031
52441
52150
52713
52562
52737
52781
53081
52901
53269
53640
53809
53812
53781
53887
53951
54193
54284
54470
54312
54644
54744
55245
54955
55023
55154
55432
55594
55502
55874
55748
56120
56040
56605
56400
56654
56531
56987
56922
57080
57087
57284
57330
57390
57737
57814
57864
57782
58117
58127
58535
58486
59018
59380
58416
48416
35603
28904
28576
29081
24102
21459
18413
20478
19801
20108
20263
20182
21433
20476
21689
20270
21721
20845
20733
21093
20133
20739
17948
14625
11245
9065
8803
9111
9381
9472
9791
9570
9896
9848
9841
9984
10532
10789
11038
11006
11071
10891
11295
11106
11279
11564
11692
11700
11787
11945
12156
12328
12459
12540
12605
12612
12789
13055
13176
13476
13343
13450
13740
14099
14184
14018
13792
14283
14291
14996
14711
14769
14798
15094
15084
15332
15472
15394
15451
15800
16202
16059
16345
16541
16696
16493
16732
16729
17081
17009
17416
17224
17383
17657
17703
17862
18012
18258
18454
18290
18245
18408
18671
18868
18858
19498
19137
19446
19478
19943
19922
20227
20069
20515
20438
20735
20649
20595
20747
21099
21159
21419
21554
21372
21477
21561
21886
22136
22363
22320
22583
22356
22802
22828
22928
23258
23097
23435
23268
23704
23500
24045
23893
24171
24209
24596
24434
24872
24824
24995
25019
25235
25367
25496
25457
25634
25809
25858
26160
25990
26289
26080
26398
26817
27225
27092
27035
26692
27182
27240
27651
27741
27901
27699
28053
28175
28281
28302
28509
28498
29011
29055
29074
28992
29153
29539
29327
29495
29616
29741
29962
30670
30247
30514
30467
31034
30874
30822
30806
31217
31282
31671
31616
31747
31822
31974
32239
32140
32420
32632
32789
32587
32833
32816
33364
33162
33506
33450
33669
33790
33693
33662
34200
34431
34260
34360
34694
34662
34877
35148
35155
35508
35062
35480
35376
35879
35628
36169
35971
36105
36000
36322
36549
36818
36638
36962
36994
37086
37278
37212
37488
37660
37842
37824
38226
37760
38303
38328
38417
38410
38811
39061
38974
39376
39408
39427
39269
39802
39824
40068
39828
40086
40059
40301
40275
40634
40767
40840
41045
41309
41533
41322
41705
41453
41747
41760
42209
41796
42507
42428
42715
42530
42860
42903
43339
43051
43311
43543
43637
43796
43843
43718
43926
43919
44363
44246
44530
44857
45017
44842
45048
45527
45382
45453
45506
45990
45964
46381
46127
46273
46023
46571
46378
46763
46774
46955
47084
47128
47075
47267
47544
47629
47981
48063
48121
48327
48604
48545
48800
48389
49045
48848
49497
49287
49702
49598
49743
49753
49867
50117
50247
50495
50661
50696
50841
50894
50949
51326
51130
51086
51165
51707
51557
51792
51653
52317
52398
52592
52555
52998
52855
52826
52875
52975
53257
53111
53380
53468
53929
53953
54398
54355
54729
54539
54683
54789
55084
55218
55134
55410
55586
55898
55720
55887
55691
56031
55953
56409
56529
56649
56497
56814
56615
56878
57208
57354
57657
57684
57884
57822
58143
58167
58316
57915
58668
58602
58711
59083
58986
52199
38965
31935
29492
29235
23848
20614
17492
19037
18534
19881
20160
20207
20125
20256
21568
20373
21764
20974
20961
21063
20098
20567
17850
14287
11072
9276
8842
9227
9629
9616
9787
9739
10060
9898
10265
10072
10310
10320
10660
10588
11036
10988
11304
11284
11507
11328
11474
11368
11694
12048
12316
12148
12208
12330
12879
12661
12958
12951
13222
13365
13276
13426
13710
13785
13722
14162
14028
14669
14342
14485
14449
14933
14806
14943
15076
15445
15393
15598
15726
15748
16086
15873
16073
16379
16734
16490
16893
16921
17341
17070
17427
17264
17477
17658
17701
17756
17935
18038
18086
18572
18722
18794
18909
18965
18716
19336
18944
19275
19310
19913
19748
20124
20013
20478
20371
20781
20879
21022
20999
21101
21253
21172
21450
21503
21733
21761
22133
22296
22283
22146
22339
22601
22734
22886
23043
23280
23102
23343
23341
23711
23576
23887
23771
24147
24062
24336
24292
24540
24813
24973
24962
25274
25154
25302
25435
25517
25839
25739
25982
25978
26417
26197
26263
26556
26930
26677
27183
27300
27517
27484
27614
27744
27927
27790
28070
28277
28429
28516
28621
28559
28956
28799
29126
29430
29377
29710
29326
29491
29615
29628
29664
30381
30336
30500
30503
30707
30557
30925
30989
31289
31154
31354
31276
31628
31830
31990
32299
32092
32371
32698
32687
32501
32767
32745
33299
33034
33504
33342
33852
33811
33926
33887
34163
34200
34324
34475
34734
34665
34711
34897
34932
35409
35390
35638
35500
35962
35669
35867
36134
36523
36453
36763
36636
36657
36671
36962
36966
37403
37484
36933
37089
37311
38007
37952
38094
38199
38198
38508
38651
38709
39000
39026
38889
39316
39238
39351
39252
39639
39550
39956
39965
40295
40168
40450
40290
40617
40534
40896
40915
41256
41442
41530
41697
41530
41912
41994
42144
42056
42364
42448
42653
42732
43203
42597
42814
43239
43471
43231
43477
43247
43894
44195
44145
43894
44063
44090
44481
44853
44861
44904
45141
45424
45163
45425
45585
46062
45754
45956
45996
46293
46170
46638
46491
46823
46654
46762
47145
47522
47286
47472
47778
47868
47746
47778
48158
48339
48612
48308
48757
48647
49017
48897
49206
49278
49453
49424
49722
49930
50126
50227
50087
50224
50398
50378
50418
50742
50960
51110
50913
51218
51217
51635
51448
51930
51863
52204
52362
52697
52608
53007
53037
52967
53172
52851
53154
53460
53869
53730
54123
53880
54297
54189
54347
54453
54740
54862
55102
55078
55218
55500
55431
55333
55288
55746
55674
56096
56217
56509
56086
56798
56790
56917
57028
57155
57113
57403
57736
57733
57879
57644
57875
58066
58293
58183
58565
58284
58663
59187
58873
51000
37496
29499
29912
29699
24580
21948
19697
19496
19684
19800
21442
20464
21562
19940
19442
19641
19967
20807
20839
21254
21229
20400
18129
14996
11713
9492
8897
8934
9427
9359
9581
9420
9979
10063
10319
10161
10597
10694
10877
10733
11095
10804
11010
11009
11232
11509
11640
11567
11883
11901
12129
12237
12156
12363
12512
12697
12678
13006
13034
13389
13178
13945
13850
13799
13693
13880
13826
14297
14363
14502
14612
14739
14747
15025
15199
15407
15307
15547
15642
15773
16120
15986
16440
16480
16687
16468
16889
16871
17142
17129
17306
17440
17642
17773
17805
17917
18188
18347
18161
18397
18341
18405
18761
18962
18828
19224
19289
19781
19468
19709
19885
20321
20195
20252
20407
20444
20588
20687
20698
20947
21506
21174
21569
21495
21705
21670
22103
22020
22037
22131
22540
22457
22810
23063
23020
23059
23041
23450
23358
23528
23468
23790
23842
24199
24108
24348
24368
24619
24571
24615
24977
25023
25294
25192
25438
25451
25775
25858
26332
25976
26175
26220
26657
26514
26814
26939
26989
26979
27242
27241
27740
27654
27909
28014
28110
28217
28569
28589
28664
28781
28795
28952
29217
29019
29184
29443
29192
29836
29770
29871
29886
30248
30201
30686
30334
30760
30965
30978
30809
31262
31390
31477
31622
31878
31807
31870
32186
32077
32421
32419
32739
32471
32810
32681
33196
32940
33295
33533
33694
33488
33634
33979
34120
34159
34104
34205
34492
34607
34623
34752
34777
35371
35250
35676
35296
35777
35566
35875
36018
36337
36153
36363
36543
36696
36716
36565
37009
36940
37116
37216
37388
37619
37682
37780
38085
38033
38416
38393
38595
38656
38747
39034
38870
39515
39225
39459
39359
39748
39667
39894
39962
40266
40165
40305
40424
40471
40768
40855
40938
40861
41412
41230
41583
41546
41786
41776
42052
42007
42532
42110
42435
42620
42684
42740
43048
42953
43485
43718
43672
43533
43799
43624
43734
43913
44244
44397
44636
44733
44467
45013
44755
45330
45141
45565
45386
45693
45611
45761
45737
46253
46111
46586
46592
46603
46547
46916
47278
47249
47283
47575
47563
47496
47891
47780
48342
48229
48402
48284
48615
48544
48974
48937
49200
49218
49460
49423
49734
49788
49911
49984
49912
50329
50448
50457
50450
50929
51013
51273
51131
51325
51240
51706
51641
52108
51853
52251
52217
52567
52673
52574
52608
52820
53039
52945
53345
53354
53579
53686
53738
53833
54171
54245
54438
54538
54781
54789
55155
54982
54887
55443
55481
55527
55475
55702
55565
55977
56102
56411
56322
56483
56544
56662
57148
57157
57165
57314
57626
57418
57717
57654
57899
57919
58369
58274
58615
58573
59061
59398
59439
53780
40850
32599
30973
29903
24596
22819
19812
19705
19855
19890
21028
20015
21551
20329
21595
20514
20339
20683
20805
21132
21012
20647
18373
14658
11456
9155
8736
9117
9536
9146
9381
9498
9995
9938
10132
10259
10597
10210
10589
10823
11007
11013
11175
11163
11411
11468
11680
11554
11845
11739
12157
12097
12356
12397
12584
12510
12838
13142
13221
13328
13106
13886
13770
13743
13694
14234
14111
14233
14143
14356
14557
14834
14958
15118
15187
15306
15305
15413
15564
15771
16133
15864
16408
16150
16407
16242
16582
16676
17163
17120
17324
17450
17423
17422
17640
17932
18044
18224
18218
18479
18514
18482
18748
18784
18669
19303
19193
19588
19426
19855
19936
20186
20299
20437
20493
20374
20558
20693
21036
20969
21441
21149
21416
21260
21780
21645
22032
21584
21982
22096
22114
22302
22835
23117
22827
23131
23197
23622
23477
23723
23570
23966
23781
24113
24110
24430
24475
24719
24672
24849
24968
25187
25332
25198
25597
25626
25745
25869
26089
26040
26449
26347
26675
26210
26702
26754
26988
27168
27459
27628
27476
27710
27830
27571
27962
28071
27957
28087
28432
28432
28780
28722
29066
29146
29106
29372
29450
29840
29844
30121
29839
30071
30077
30697
30606
30813
30645
30952
30980
31218
31341
31459
31446
31747
31770
31860
32194
32046
32507
32351
32628
32400
32644
32548
33186
33049
33243
33287
33579
33406
33806
33920
34213
34227
34243
34763
34888
34513
34422
35119
34834
35117
35322
35553
35713
36002
35883
35883
36091
36324
36232
36268
36137
36460
36667
36570
37190
37062
37238
37148
37329
37490
37875
37896
38362
38189
38344
38473
38686
38679
38731
38853
38799
39340
39110
39435
39359
39614
39527
40063
39963
40141
40158
40470
40185
40468
40611
40820
41062
41021
41413
41255
41593
41543
41780
41793
42224
42099
42406
42405
42847
42675
42771
42848
43276
43250
43258
43289
43413
43421
43747
43948
44265
44095
44375
44454
44524
44649
44457
44719
44754
45223
45373
45593
45352
45925
45680
46053
46006
46377
46308
46685
46549
46539
46648
46804
47034
47303
47235
47493
47786
47819
48018
48193
48280
48405
48627
48291
48832
48749
49075
48893
49245
49221
49295
49343
49571
49865
49805
49899
50025
50284
50310
50477
50486
51028
50899
51304
51054
51361
51145
51484
51504
51983
52135
52277
52033
52455
52606
52637
52648
52810
52928
53140
53462
53557
53647
53614
54181
54091
54122
54127
54128
54376
54567
54845
55053
55214
54987
55549
55287
55586
55418
55822
55690
56129
56219
56405
56330
56581
56525
56893
57144
57047
57095
57311
57791
57489
57562
57575
57944
57897
58450
58298
58535
58424
58726
59134
59294
52889
38722
30120
29641
30101
27010
22664
21142
19648
21238
19922
20866
20009
19960
20368
19297
20406
20487
20875
20855
19932
21123
19402
19682
14263
11997
9401
8966
8831
9365
9204
9485
9488
9677
9569
10009
9919
10296
10404
10714
10755
11058
11076
11043
10966
11284
11494
11807
11640
11799
11773
11766
12104
12354
12828
12584
12479
12845
12980
13117
13469
13655
13718
13654
13621
13649
14085
14152
14086
14373
14440
14752
14852
14786
15141
15490
15408
15590
15599
15805
15805
16136
16166
16403
16143
16593
16395
16560
16836
17043
17123
17175
17376
17443
17630
17651
17869
17916
18199
18264
18629
18385
18626
18624
18969
19121
19483
19258
19428
19484
19784
19956
20146
20358
20321
20313
20387
20654
20564
21149
20997
21177
21132
21586
21575
21832
21709
21763
21950
22305
22508
22351
22250
22448
23011
22990
23417
23128
23360
23249
23533
23662
23855
23887
24107
24179
24239
24294
24491
24727
24716
25060
24916
25096
25281
25519
25339
25733
25727
26106
26129
26363
26249
26589
26451
26782
26924
27263
26959
27240
27197
27341
27453
27568
27482
27784
28087
28026
28408
28602
28757
28611
28961
29074
29310
29274
29696
29479
29639
29669
30042
29801
30177
30206
30576
30451
30646
30614
30747
31069
31266
31573
31403
31699
31736
31772
31910
32207
31916
32350
32195
32826
32528
32804
32991
33145
33102
33530
33668
33462
33717
33974
34089
34178
34386
34235
34737
34350
34645
34681
35104
35240
35502
35407
35585
35716
35817
35525
35997
35990
35892
36316
36371
36360
36347
36914
36924
37216
37105
37294
37495
37738
37612
37506
37577
37885
38105
38346
38163
38512
38681
38997
38970
38804
39174
38810
39221
39293
39521
39465
39694
39767
39950
40063
40180
40506
40447
41040
40679
41053
41172
41513
41037
41557
41555
41854
41740
42015
41992
42356
42237
42521
42569
42731
43019
43226
42880
43247
43499
43857
43885
43937
44099
43898
43878
43988
44487
44417
45039
44889
45042
44919
45121
44947
45360
45342
45648
45527
45657
45485
45966
46181
46674
46629
46656
46848
46878
47183
46933
47013
47281
47598
47723
48175
47778
48045
47976
48449
48548
48877
48712
48765
49050
49171
49192
49201
49585
49856
49733
49921
50217
50083
50581
50175
50501
50597
51018
50947
51136
50956
51351
51584
51723
51500
51836
51887
51966
52173
52266
52478
52421
52635
52657
53227
52976
53128
53324
53715
53610
53689
53999
54504
54472
54341
54527
54631
54702
54725
54848
54982
55394
55373
55718
55744
55823
55954
56139
55645
55962
56178
56302
56378
56583
56878
56850
57311
57403
57517
57423
57731
57654
57812
57944
58434
58302
58497
58479
58905
59206
59205
54709
43255
33200
30964
29792
26624
22655
19981
19403
21147
20208
21335
20169
19953
20168
19336
20635
20603
20794
20798
19754
20981
19389
18859
15514
12140
9568
8948
8968
9461
9396
9829
9659
9914
9800
9947
9892
10341
10422
10695
10498
10848
10838
11173
11331
11471
11367
11716
11503
11926
12047
11906
12093
12389
12793
12726
13058
12979
12986
13017
13389
13159
13356
13490
13584
13546
13900
14077
14272
14383
14578
14742
14709
14809
14879
15265
15079
15298
15626
15810
15836
16150
15931
16400
16304
16677
16447
16813
16772
16999
17025
17301
17480
17363
17495
17834
17811
18012
18123
18042
18402
18153
18554
18949
19392
18990
19418
19344
19733
19751
19869
19680
20035
20225
20525
20503
20340
20501
20648
21079
20890
21135
21114
21201
21079
21496
21558
21940
22123
22390
22378
22485
22753
22998
22898
22670
23040
23122
23489
23158
23505
23668
23863
23903
23998
24201
24388
24362
24502
24612
24689
24916
25026
25248
25184
25615
25243
25952
26047
26266
26003
26408
26327
26729
26614
26836
26648
26923
27025
27220
27409
27552
27517
27753
27811
28049
28152
28091
28307
28697
28872
28805
28835
28866
29304
29563
29600
29326
29432
29413
29655
29679
30183
30153
30393
30442
30554
30644
31003
31372
31237
31460
31377
31694
31862
31812
31621
32086
31983
32276
32253
32541
32545
32978
32984
33160
33125
33391
33421
33529
33825
34178
34147
34024
34259
34256
34459
34466
34641
34597
34973
34923
35245
35267
35541
35506
35758
35774
36023
36116
36111
36234
36623
36497
36377
36914
36798
36949
36666
37277
37333
37477
37390
37786
37828
38155
38154
38204
38302
38661
38554
38558
38933
39017
39276
38958
39434
39485
39766
39614
39825
39861
40036
40219
40257
40476
40549
40732
40666
40963
40970
41434
41206
41684
41764
42038
41909
42187
41883
42252
42408
42593
42572
42746
42626
42922
43073
43242
43268
43384
43495
43960
44022
43881
44241
44553
44619
44622
44886
44788
45264
45070
45113
45118
45687
45685
46007
45817
46222
45921
46158
46378
46606
46422
46757
46993
46932
47028
47165
47130
47375
47749
47496
47927
47783
48072
48123
48505
48302
48760
48704
48777
49043
49155
49187
49369
49522
49747
49615
49588
49916
50164
50371
50304
50511
50445
51011
50957
51277
51066
51292
51399
51411
51601
51933
51889
52119
52287
52275
52057
52045
52560
52715
52805
52987
53194
53109
53298
53515
53726
53775
54355
54542
54586
54646
54656
54714
54861
55254
55282
55152
55025
55541
55393
56058
55963
56190
56183
56235
56252
56528
56731
56901
57119
56909
57298
57384
57328
57111
57663
57490
57807
57879
58280
58089
58276
58370
58742
59100
59424
54520
41960
31019
29633
30335
27542
23256
21570
19647
19543
19818
19690
19844
19851
20616
20427
20638
20532
19531
20757
20071
21122
20909
19365
14769
12730
9878
9209
9040
9238
9250
9780
9569
9691
9829
10075
10226
10430
10323
10601
10753
10645
10550
10799
11002
11328
11614
11588
11804
11905
12201
12023
12458
12308
12750
12556
12814
12776
13072
12892
13492
13437
13806
13598
13914
14025
13991
13985
14149
14546
14625
14505
14342
14828
15080
15362
15199
15671
15717
15839
15683
16010
15843
16139
16107
16277
16412
16774
16809
16929
17219
17213
17054
17265
17696
17780
17915
17936
18070
17816
18269
18322
18763
18936
19102
18893
19181
19431
19834
19796
19850
19782
19831
20315
20050
20379
20242
20624
20696
20897
20895
21097
21235
21592
21499
21773
21566
21730
21915
22283
22476
22623
22679
22788
22838
22734
23117
22970
23316
23412
23718
23773
23880
23920
24052
24084
24341
24580
24429
24639
24629
24910
24740
25068
25098
25444
25412
25832
25467
25708
25748
26000
26135
26583
26635
26721
26769
27078
26877
27153
27237
27364
27576
27563
27934
27858
28192
28155
28537
28615
28941
28815
29196
29241
29194
29095
29549
29281
29472
29532
29847
30050
30223
30217
30589
30683
30636
30647
30908
31296
31253
31485
31215
31770
31694
31840
31898
32156
31944
32383
32127
32159
32401
32947
32912
33135
33149
33270
33512
33399
33557
33600
33838
33885
33994
34016
34465
34374
34677
34605
34946
35071
35335
35146
35404
35744
35855
35993
36142
36135
36082
36498
36644
36476
36379
36667
36669
36816
36923
37128
37345
37676
37532
37807
38070
38073
38042
38209
38727
38498
38347
38290
38704
38865
39228
39268
39395
39539
39666
39813
39860
39992
40164
40231
40104
40459
40468
40881
40806
41013
40848
41354
41161
41566
41646
41955
41729
41957
42016
42240
42442
42616
42749
42831
42799
42831
42734
43212
43266
43612
43665
43696
43838
43727
44542
44422
44376
44263
44442
44407
44922
44485
45056
45196
45727
45450
45731
45881
46160
46169
46326
46388
46570
46578
46744
46962
46869
47001
46995
47588
47366
47643
47561
47762
47687
48335
48416
48643
48522
48513
48536
48844
48982
48941
49076
49141
49584
49567
49569
49620
50133
50043
50167
50058
50787
50736
50772
50715
51004
51343
51232
51443
51646
51724
51667
51728
51801
52040
52412
52646
52486
52820
52756
53099
53057
53367
53326
53423
53446
54028
54191
54425
54370
54181
54575
54869
54827
54660
55192
54937
55047
54992
55574
55510
55644
55690
55820
56153
56384
56533
56384
56608
56546
56957
56844
57164
57237
57746
57547
57667
57653
57866
57891
58170
58136
58362
58440
58586
59174
59730
56201
45283
34336
30865
31143
27039
22790
21239
19315
20666
19914
19736
20021
20099
20378
20287
20460
20473
19649
20989
20011
22106
19692
19218
14258
12326
9660
9091
9044
9324
9220
9524
9580
9800
9879
9939
10010
10328
10208
10687
10902
10982
10775
11022
11224
11230
11223
11315
11550
11737
11940
11803
12270
12373
12503
12284
12515
12788
12942
12910
13384
13016
13211
13382
13924
13854
14036
14108
14155
14324
14284
14261
14488
14715
14933
15308
15114
15661
15391
15650
15701
15977
15870
16346
16296
16419
16571
16615
16770
17074
17232
17255
17252
17175
17610
17577
17618
17783
17909
18085
18525
18483
18755
18642
19065
18915
19395
19336
19382
19566
19801
20063
20258
20102
20084
20589
20341
20745
20587
20849
21227
21287
21215
21351
21402
21679
21596
22070
22231
22298
22293
22161
22632
22497
22771
22753
22975
22681
23173
23316
23639
23702
24005
24004
24134
24252
24231
24493
24631
24879
24670
25001
24955
25352
25288
25824
25599
25914
25698
26032
26113
26115
26160
26559
26839
26921
27034
27175
27130
27290
27121
27536
27651
27785
27667
27840
28432
28172
28335
28414
28858
28833
28821
28932
29477
29289
29327
29117
29690
29411
29692
29813
30116
29938
30330
30725
30714
30714
30823
30919
31127
31510
31223
31776
31756
32004
31686
32167
31932
32348
32253
32552
32553
32791
32776
33109
33158
33266
33344
33256
33661
33624
33668
33864
34439
34121
34381
34421
34757
34679
34919
34875
35284
35430
35544
35269
35452
35732
36025
35932
35823
36222
36341
36283
36167
36750
36767
37065
37184
37611
37379
37718
37595
37984
37948
38123
38257
38291
38373
38292
38316
38496
38968
38935
39198
39007
39236
39385
39639
39702
39744
39962
39996
40271
40241
40597
40603
40883
40941
41083
41010
41520
41346
41715
41607
42060
41908
42137
41985
42124
42267
42334
42458
42656
42652
42810
42992
43234
43207
43278
43516
43680
43853
43714
44346
44351
44770
44564
44646
44413
44710
45087
45237
45123
45696
45440
45563
45610
45753
45962
46114
46312
46438
46472
46707
46840
46913
46690
47223
47519
47662
47853
47482
47925
47764
48176
48069
48280
48364
48676
48658
48884
48996
49109
49021
49096
49539
49722
50106
49872
50328
49924
49921
50080
50596
50696
51015
50681
50796
50920
51215
51532
51679
51548
51729
52041
52127
52339
52242
52361
52234
52749
52575
53239
53041
53442
53247
53379
53417
54002
53884
53948
54175
54182
54706
54850
55131
54840
54874
54814
55323
55252
55465
55590
55861
55708
55889
55950
56078
56266
56323
56800
56654
56984
56847
57331
57219
57525
57522
57817
57809
58183
57865
58238
58231
58632
58610
58553
59104
59507
55975
43977
32111
29059
30017
29275
23543
19660
18447
17949
19656
19660
20127
20156
19063
20130
18966
21383
20669
20954
20828
20987
22104
19671
18008
13263
10147
9236
8916
9471
9217
9520
9593
9729
9891
10144
9976
10284
10257
10685
10787
10725
10704
11113
11361
11513
11514
11515
12048
11981
12102
11970
12407
12394
12775
12549
12881
12848
13172
13079
13297
13429
13544
13420
13576
13998
14044
14067
14332
14232
14206
14648
14873
14987
15007
15326
15036
15361
15444
15817
15640
15935
16123
16116
16086
16439
16653
16544
16657
16850
17003
17209
17320
17242
17705
17548
17817
17807
18008
17984
18413
18331
18566
18556
18861
18906
19010
19228
19394
19262
19461
19867
20093
20148
19940
20455
20417
20812
20784
20955
20718
20940
21215
21694
21551
21689
21517
21739
21967
22061
22078
22152
22438
22222
22473
22560
22893
23039
23315
22919
23274
23489
23798
23873
23893
24302
24165
24491
24596
24945
24862
25251
25028
25307
25319
25724
25254
25573
25611
26015
26119
26322
26449
26408
26679
26749
26931
27224
27035
27141
27292
27477
27459
27639
28004
28005
28386
28232
28562
28337
28595
28800
28900
28680
29376
29144
29213
29282
29728
29662
29849
29771
29902
30161
30452
30712
30592
30874
31066
31185
31198
31496
31345
31543
31590
31793
31536
32003
32044
32128
32194
32636
32507
32524
32924
33219
33147
33123
33444
33730
34060
33579
33827
33872
34226
34152
34406
34455
34583
34635
34839
34936
35198
35254
35611
35642
35577
35581
35988
36219
36175
36371
36050
36391
36281
36654
36668
36893
37040
37154
37412
37773
37696
37917
38117
38131
38187
38255
38490
38026
38406
38525
38859
38867
39194
39254
39482
39525
39632
39802
39879
40135
39865
40021
40201
40416
40479
40775
40724
40988
41062
41547
41376
41493
41448
41788
41897
42014
42224
42177
42356
42307
42757
42828
43035
43068
43344
43341
43575
43575
43811
43632
44084
43983
44259
44241
44503
44701
44852
45044
45116
44860
45121
45106
45493
45216
45578
45687
45845
45980
46248
46558
46206
46579
46879
47149
47187
47167
46871
47464
47233
47510
47640
47769
47722
48025
48130
48429
48373
48604
48738
48922
49199
49067
49271
49193
49780
49532
49436
49564
50073
50181
50496
50382
50479
50552
50797
50938
51277
51369
51190
51416
51596
51559
51649
52055
51983
52477
52200
52300
52426
52958
52908
53235
52991
53385
53409
53701
53860
54024
53992
54261
54357
54380
54612
54526
54733
54444
54819
55085
55367
55358
55538
55305
55508
55971
56021
56142
56022
56329
56351
56561
56488
57057
56916
57255
57086
57308
57338
57588
57563
57887
57953
58138
58246
58246
58447
58653
59140
59534
57089
47264
36005
31389
30981
28127
23724
20165
19545
18709
20006
19752
19972
19889
19182
20344
19345
21045
19796
20886
20779
21091
21275
19499
17775
13152
10090
9062
8901
9440
9040
9400
9562
9870
9942
9931
10010
10281
10592
10663
10678
11020
10902
11235
11438
11219
11175
11427
11814
11704
12140
12207
12369
12356
12470
12419
12782
12730
13154
12808
13396
13270
13477
13614
13833
13839
14105
14259
14334
14696
14442
14300
14447
14817
14966
15270
14988
15408
15440
15738
15744
16111
15980
16039
16146
16487
16513
16479
16843
16952
16944
17004
17207
17213
17759
17581
17832
17942
18381
18133
18474
18477
18667
18630
18918
18816
19070
19355
19397
19385
19469
19740
19889
20199
20027
20556
20422
20832
20840
21075
20893
20989
21045
21468
21386
21507
21482
21920
22197
22068
22262
22176
22353
22323
22658
22784
23016
23074
23325
23437
23602
23820
23862
23989
24152
24372
24319
24617
24631
24908
24604
25078
24999
25273
25156
25602
25555
25794
25769
26123
25989
26171
26399
26426
26486
26556
26556
27063
26912
27168
27349
27129
27604
27679
27782
27890
28340
28232
28410
28707
29318
28953
29126
28871
29260
29198
29632
29558
29822
29692
29891
29895
29863
30078
30412
30557
30478
30796
30998
31126
31103
31664
31489
31593
31528
31863
31852
32187
32211
32363
32325
32587
32512
32717
32876
33152
33305
33404
33431
33295
33612
33539
33878
33898
34237
34105
34575
34436
34786
34830
35088
34863
35147
35163
35135
35430
35546
35545
35831
35977
35918
36444
36248
36497
36274
36579
36821
37030
37082
37275
37284
37739
37741
37761
37817
38013
38193
38106
38596
38235
38577
38631
39129
39022
39148
39308
39434
39455
39567
39748
39761
40083
39930
40340
40407
40442
40299
40849
40984
41109
41141
41287
41230
41636
41718
41836
41818
41987
42166
42335
42326
42176
42625
42564
42565
42721
43262
43308
43187
43220
43712
43561
43918
43721
44129
44370
44402
44174
44651
44527
44754
45048
45204
45083
45369
45421
45731
45615
45801
45975
46235
46566
46449
46922
46833
47015
46731
47110
47096
47333
47341
47698
47499
47940
48043
48195
48313
48522
48225
48496
48872
49174
49314
49435
49489
49460
49415
49404
49700
49650
50206
50024
50441
50272
50632
50670
50856
50764
50982
51254
51369
51673
51667
51506
51466
52067
52020
51980
52119
52431
52454
53107
52705
53222
53231
53455
53446
53814
53756
53953
53784
53797
54257
54336
54411
54329
54608
54305
55119
55004
55200
55145
55368
55545
55596
55849
55916
56176
56230
56393
56342
56713
56578
57108
56973
57147
57036
57482
57536
57810
57747
57956
57944
58131
58318
58500
58497
58673
59143
59405
57139
46194
33418
30286
30520
30199
24336
20716
19366
19226
19810
19825
18504
20001
19041
20290
20436
20414
20675
20634
22253
21417
22544
20267
17010
13751
10396
9091
9019
9325
9322
9493
9688
9723
9951
9920
9791
10099
10162
10344
10754
10964
11127
11104
11158
11241
11352
11534
11865
11466
11994
11860
12131
11879
12609
12586
12825
12810
12851
12914
13280
13171
13342
13677
13732
13852
13996
14187
14058
14215
14155
14923
14822
14964
14912
15113
15169
15440
15360
15673
15709
15984
15909
16117
16405
16564
16275
16236
16762
16944
16954
17017
17233
17183
17752
17700
17874
17687
18242
18253
18386
18590
18678
18802
18934
19172
19139
19274
19312
19613
19497
19706
20016
20301
20261
20633
20460
20540
20753
20890
20710
21078
21027
21401
21527
21484
21529
21592
22211
22064
22325
22097
22443
22340
22966
22818
22917
23344
23374
23463
23618
23843
23800
24109
23968
24251
24251
24488
24457
24888
24766
25036
24981
25317
25268
25330
25366
25660
25884
26065
26050
26216
26598
26339
26416
26636
27028
26687
26832
26844
27346
27378
27922
27798
27888
27847
28103
28136
28386
28152
28641
28768
