20393
20163
20303
20529
21103
20974
21066
21326
21661
21882
22190
22720
22761
23249
23216
23688
23892
24157
24188
24756
25050
25394
25690
26145
26486
27096
27033
27434
27764
28149
28751
28920
29296
29824
30198
30531
30737
31271
31770
32103
32573
32616
33094
33332
33998
34446
35022
35021
35742
36138
36530
36796
37034
37265
37546
38051
38178
38973
39311
39703
39815
40208
40483
40892
41107
41232
41588
41777
42284
42340
42627
42785
43217
43165
43353
43568
43924
44044
44511
44563
44849
44534
44808
45022
45373
45284
45734
45554
45883
45476
45604
45404
45663
45619
45794
45599
45381
45907
45728
45517
45684
45443
45357
45381
44866
44974
44736
44592
44493
44232
43839
43715
43589
43317
43091
42439
42579
42408
42143
41634
41715
41260
41139
40625
40408
39880
39559
39264
39123
38860
38492
38002
37934
37395
36930
36418
36210
35997
35622
35180
34796
34097
33576
33669
33001
32793
32020
31924
31379
31217
30572
30279
29969
29531
29098
28939
28728
28071
27909
27642
27454
26677
26574
25968
25626
25208
25029
24633
24372
24259
23646
23388
23062
22994
22537
22221
22360
21982
21812
21487
20968
20944
20358
20578
20287
20343
19817
19928
19977
20064
19581
19719
19372
19511
19279
19502
19318
19382
19363
19382
19464
19634
19585
19535
19498
19327
19693
19457
19923
19822
20369
20144
20465
20404
20777
20764
21047
21172
21574
21866
22162
22546
22518
22789
22902
23573
23712
24055
24301
24769
24898
25334
25807
26066
26500
26728
27205
27466
27924
28251
28792
29216
29310
29790
30531
30543
31028
31449
31923
32213
32806
32705
33312
33550
34423
34417
35058
35247
35713
35786
36363
36664
37163
37723
38309
38683
38681
38990
39103
39536
40071
40507
40537
40892
41007
41483
41816
42045
42434
42516
42883
43236
43558
43689
43544
43876
44257
44192
44658
44386
44557
44462
44881
44921
45108
45028
45365
45264
45654
45396
45448
45640
45625
45409
45391
45554
45752
45914
45556
45630
45604
45390
45014
45331
45119
45117
44610
44578
44134
44023
43977
43706
43595
43809
43672
42518
42516
42395
42371
41922
41921
41406
41127
40507
40374
40133
39818
39173
38836
38599
38433
37950
37746
37119
36826
36424
36231
35682
35413
35179
34666
34108
33621
33312
32852
32750
32283
32039
31442
31228
30567
30594
29929
29485
28941
28723
28643
28337
28016
27690
27194
26420
26386
25718
25438
25163
24809
24511
24318
23965
23663
23426
23055
22812
22617
22143
22286
21928
21760
21448
20919
20948
20569
20358
20313
20257
19971
20170
19933
20044
19571
19634
19301
19579
19446
19480
19270
19408
19223
19340
19355
19394
19435
19459
19545
19602
19735
19649
20017
19891
20358
19979
20418
20456
20634
20680
21339
21512
21692
21717
22250
22629
22678
22984
22924
23587
23625
24113
24181
24623
24860
25487
25638
25858
26448
26772
27218
27431
27882
28697
28831
28859
29283
29638
30166
30597
30745
31065
31403
31529
32627
32685
33233
33449
34003
34318
34847
35132
35722
36164
36271
36650
36889
37264
37561
38518
38662
39008
39236
39572
39902
40052
40474
40750
41194
41223
41739
41794
42341
42248
43036
43013
43320
43116
43667
43757
44062
44383
44589
44691
44960
44672
44933
45033
45357
45374
45662
45518
45827
45530
45375
45511
45739
45746
45372
45421
45529
45781
45354
45874
45564
45518
45095
45431
45181
45086
44528
44617
44519
44228
44161
43886
43641
43245
43256
43053
42933
42134
42256
41999
41873
41334
41052
40841
40363
40134
39739
39467
38958
38726
38434
38260
37702
37170
36878
36644
36224
36060
35278
35010
34622
34420
33789
33759
33170
32827
32112
32112
31552
31113
30789
30567
30003
29618
29310
28851
28661
28022
27967
27300
27103
26570
26525
26127
25697
25373
25094
24707
24296
24020
23667
23633
23092
22826
22605
22488
22084
21863
21354
21291
20810
20860
20373
20436
20188
20378
20181
20321
19616
20027
19581
19771
19543
19575
19312
19204
19280
19539
19330
19005
19432
19256
19362
19288
19665
19614
19957
19768
20060
20002
20345
20231
20493
20431
20820
20961
21007
21278
21611
21760
21925
22331
22351
22710
22948
23438
23479
23955
24307
24604
24894
25015
25692
25848
26241
26690
27279
27319
27446
28017
28391
28728
29116
29477
30392
30263
31065
31208
31646
31847
32555
32573
33298
33518
34019
34461
34748
35188
35478
35671
35922
36397
36799
37348
37609
38047
38415
38985
39078
39437
39933
40049
40315
40669
41018
41309
41666
41738
42379
42382
42823
42721
43125
43253
43937
43729
43945
44010
44561
44520
44672
44796
45160
45337
45324
45027
45351
45301
45565
45576
45698
45569
45378
45441
45563
45559
45625
45969
45492
45481
45486
45541
45110
45266
45100
44919
44566
44402
44398
44484
43865
43807
43601
43337
43136
42809
43056
42577
42375
41888
41707
41291
41058
40848
40365
40141
39751
39633
39053
38919
38481
38110
37720
37553
37077
36539
35907
35849
35532
35044
34627
34484
33872
33652
33056
32979
32178
31956
31454
31273
30771
30565
30010
29592
28869
28711
28744
28160
28041
27176
27068
26587
26374
25879
25626
25246
25057
24569
24246
24164
23678
23489
23070
22840
22503
22257
22347
21899
21591
21703
21002
20890
20445
20705
20268
20335
19918
20267
19800
19982
19802
19741
19443
19460
19276
19352
19317
19579
19271
18840
19274
19376
19423
19520
19521
19450
19876
19836
20037
19799
20215
20266
20744
20879
20644
20595
20845
21165
21397
21626
21862
22601
22474
22876
23102
23573
23672
24073
24414
24795
25074
25376
25852
25972
26319
26647
26776
27469
27853
28145
28439
28831
29175
29631
30419
30452
30991
31235
31746
31974
32474
32503
33047
33230
33828
34239
34899
34958
35300
35809
36112
36457
36736
37309
37431
37925
38178
38814
39058
39523
39732
39917
40269
40742
41135
41385
41829
41762
42242
42334
42715
42555
43083
43444
43869
43686
43937
44007
44399
44612
44645
44374
44829
44946
45273
45144
45437
45617
45699
45337
45614
45622
45807
45543
45469
45499
45608
45978
45502
45780
45796
45697
45222
45208
44842
44596
44455
44762
44531
44294
43692
43479
43623
43286
43100
42756
42895
42487
42348
41886
41679
41209
41018
40834
40284
39838
39550
39358
38965
38714
38509
37855
37424
37573
37133
36895
36138
35935
35514
35197
34890
34422
33753
33767
33126
32899
32324
32280
31522
31139
30600
30393
30028
29619
29353
28977
28625
28271
28233
27226
26906
26468
26199
25826
25633
25247
25190
24833
24428
23954
23639
23443
22920
22764
22493
22387
22048
21809
21460
21329
20817
20727
20408
20565
19900
20101
19800
20077
19747
19940
19741
19733
19320
19376
19215
19314
19112
18996
19023
18972
19328
19148
19097
19199
19426
19195
19706
19475
19887
19891
20503
20264
20555
20746
20786
20667
20851
21286
21924
21925
21903
22419
22377
22689
22874
23412
23421
24059
24387
24742
25094
25277
25690
25865
26242
26583
27074
27353
27739
28113
28372
28821
29402
29961
30419
30192
31061
31341
31934
31859
32358
32542
33518
33669
33956
34411
34880
34972
35473
35757
36339
36606
36702
37440
37548
38122
38210
38699
39049
39526
39680
40217
40367
40866
41205
41222
41583
41667
42068
42257
42867
42803
43368
43374
43955
44018
44293
44110
44453
44322
44547
44565
44910
44840
45134
45212
45384
45355
45412
45410
45855
45554
45386
45299
45814
45719
45447
45693
45590
45777
45495
45402
44945
45225
45253
45121
44633
44796
44539
44142
43954
43666
43327
43533
43634
42841
42750
42409
42316
41899
41717
41162
41010
40714
40495
40173
39837
39581
39034
38886
38446
37972
37532
37445
36883
36415
36002
35888
35650
35206
34876
34631
33754
33643
33037
32871
32308
32135
31627
31321
30676
30388
29858
29672
29247
28713
28451
28014
28057
27259
27277
26713
26390
25953
25726
25316
24916
24617
24380
24124
23568
23389
23076
22843
22340
22313
21913
21893
21451
21279
20918
21255
20714
20515
20042
20179
20044
20199
19889
20013
19436
19547
19433
19497
19106
19052
19182
19123
19064
18920
19200
19074
19277
19375
19693
19222
19548
19663
20043
19802
20224
20154
20399
20529
21045
20988
20941
21267
21582
21883
22130
22486
22281
22741
23073
23686
23826
24218
24387
24592
24909
25237
25702
25866
26244
26493
26885
27234
27537
27870
28661
29027
29757
29713
29999
30403
31141
31326
31769
31677
32395
32737
33053
33473
33876
34224
34662
35200
35344
35864
36024
36324
36739
37483
37691
38129
38267
38988
39084
39330
39852
39966
40385
40371
41052
41392
41686
41579
42044
42204
42836
42913
43223
43100
43559
43437
44290
44411
44632
44678
44882
44850
45174
45050
44837
45093
45486
45758
45674
45542
45741
46152
45998
45623
45527
45597
45603
46024
45479
45644
45170
45168
45079
45202
44972
45086
44874
44663
44394
44006
43930
43537
43726
43461
43436
42771
42828
42449
42302
41972
41544
41446
41222
40779
40306
40490
39829
39644
39043
39252
38749
38227
37434
37467
36943
36600
35915
35908
35258
35266
34736
34521
33925
33659
33155
33077
32628
32189
31406
31017
30866
30366
29773
29467
29355
28771
28869
28460
28024
27204
27428
26822
26364
26120
25687
25253
24798
24663
24186
24153
23591
23484
23061
22903
22805
22613
21849
21926
21466
21615
21027
21095
20810
20929
20672
20474
20173
20012
19823
19883
19471
19385
19631
19366
19308
19794
19597
19110
19094
19005
19324
18858
19205
19245
19649
19705
19764
19438
19940
19809
20229
20030
20166
20682
20828
21013
21118
21613
21301
21902
21870
22077
22400
23093
23051
23333
23534
23857
24375
24492
24896
25019
25492
25770
26469
26496
26928
27202
27840
28042
28742
28838
29327
29681
30261
30363
31118
30949
31619
31793
32276
32752
33212
33561
34054
34371
34823
35127
35328
35651
36222
36631
36884
37117
37518
37985
38331
39016
39121
39374
39866
40169
40456
40696
41193
41371
41596
41692
42379
42404
42655
42701
43228
43380
43651
43635
44092
44271
44380
44438
44573
44575
44915
45114
45410
45231
45416
45324
45414
45540
45740
45741
45419
45552
45806
45935
45675
45671
45438
45547
45259
45655
45325
45320
45158
45003
44831
44803
44565
43927
44055
44107
43932
43177
43338
42643
42768
42431
42467
42104
41812
41511
41069
40865
40392
40349
39739
39661
39247
38992
38485
38115
37619
37525
37050
36816
36161
36125
35342
34851
34512
34246
33737
33611
33022
32873
32231
31803
31570
31382
30783
30416
30041
29803
29447
29045
28909
28117
27913
27476
27425
26729
26243
26132
25863
25479
24864
24833
24276
24195
23648
23563
23171
23190
22557
22396
21906
21837
21435
21399
21033
21134
20679
20489
20144
20609
20175
20178
19927
19839
19870
19997
19708
19390
19312
19537
19320
19307
19315
18925
19270
18843
19210
19086
19552
19520
19811
19644
19933
19787
19946
19980
20433
20535
20715
21120
21178
21355
21377
21952
22143
22305
22262
22945
22964
23237
23690
23928
24365
24463
24910
25007
25720
25889
26484
26332
27057
27677
28036
27879
28640
29115
29363
29580
30380
30425
31110
31091
31530
31955
32424
32834
33235
33640
33939
34235
34510
35068
35528
35740
36083
36539
36734
37242
37762
38224
38273
39108
39264
39401
39934
40196
40505
40568
41192
41274
41754
41831
42410
42406
42780
42801
43375
43396
43613
43909
44062
44330
44890
44866
44696
44716
45058
45180
45297
45351
45373
45236
45306
45499
45560
45945
45538
45566
45622
45635
45362
45682
45357
45429
45270
45173
44846
45131
44788
44822
44649
44484
44407
44089
43842
43745
43627
43234
43271
43042
43031
42498
42129
41832
41669
41593
41204
40877
40448
40100
39632
39495
39061
38723
38360
38267
37714
37219
36720
36864
36411
35936
35190
34973
34303
34313
33918
33738
33004
32927
32348
32062
31760
31463
30788
30233
29617
29439
29616
29044
29029
28327
28009
27486
27108
26681
26600
26194
25643
25408
24942
24765
24240
24369
23931
23651
23002
23088
22539
22609
21982
22174
21813
21479
21044
21132
20839
20935
20228
20118
20032
20097
19818
19710
19436
19625
19444
19173
19592
19429
19292
19189
19226
19348
19601
19170
19332
19251
19750
19519
19885
19616
19838
19877
20331
20118
20420
20665
20718
20903
20963
21423
21377
21971
22021
22140
22366
22979
22800
23228
23530
23866
24180
24373
24991
25270
25809
25880
26468
26465
27098
27357
27716
27899
28520
28881
29358
29458
29837
30163
30836
31113
31687
31768
32475
32676
33165
33477
34028
34322
34697
34995
35288
35685
36206
36587
36864
37149
37762
38144
38286
38713
38987
39467
39712
39978
40550
40625
41198
41253
41736
41645
42288
42358
42595
42844
43405
43243
43538
43494
44215
44262
44460
44325
44730
44735
44867
44909
45003
45095
45436
45449
45681
45513
45499
45777
45593
45581
45560
45609
45235
45650
45366
45336
45264
45684
45211
45575
44995
44889
44305
44431
44580
44275
43832
43869
43894
43630
43750
42607
42534
42363
42396
42052
41543
41237
41003
40807
40436
40261
39709
39664
39142
38819
38521
38372
37897
37874
37036
36611
35977
36026
35565
35163
34446
34415
33973
33824
32863
32870
32303
32080
31601
31375
30772
30238
30259
30118
29559
29027
28995
28192
27994
27877
27390
26716
26389
25968
25627
25423
24932
24603
24163
24193
23679
23561
23005
23094
22541
22403
22028
21812
21181
21423
20941
21066
20676
20714
20298
20266
19777
20120
19729
19941
19881
19807
19437
19321
19379
19416
19210
19463
19360
19101
19244
19172
19164
19108
19642
19307
19671
19589
19919
19924
20193
20228
20681
20754
20721
21055
21031
21639
21756
22216
21949
22314
22301
22823
23031
23416
23749
24066
24226
24658
25104
25109
25715
25873
26472
26324
26715
27258
27622
27745
28622
28705
29520
29574
30339
30602
30828
31009
31649
31682
32221
32566
33133
33470
34138
34347
34526
34906
35018
35868
36050
36528
36849
37257
37409
37867
38200
38857
39307
39328
39881
39962
40453
40685
41270
41260
41632
41643
42107
42299
42957
42924
43142
43379
43502
43471
43998
44274
44421
44377
44666
44362
44919
45138
45152
45369
45392
45652
45522
45744
45584
45812
45543
45958
45731
45826
45509
45611
45357
46103
45593
45457
45339
45296
44943
44527
44643
44632
44606
44117
43974
43333
43403
43381
43352
42976
42770
42508
42379
41979
41738
41420
40942
40804
40385
40326
39747
39768
39150
39014
38340
38623
37756
37633
37063
36515
36038
36153
35738
35615
34973
34709
34052
33726
33373
33040
32407
32102
31720
31391
31197
30658
30277
29815
29611
29014
29045
28362
27988
27489
27178
26914
26676
26183
25734
25459
25084
24832
24183
24126
23733
23541
23227
23167
22697
22520
22126
21789
21492
21383
20944
20790
20559
20566
20525
20472
20334
20262
20060
19973
19810
19860
19583
19209
19522
19424
19360
19380
19359
18966
19280
18931
19392
19407
19769
19486
19611
19487
19873
19902
20161
20153
20357
20480
20461
20988
20888
21301
21507
21515
21906
22334
22488
22470
22933
23401
23657
23579
24489
24582
24979
24971
25713
25789
26277
26598
27218
27226
27769
28289
28613
28728
29186
29445
30035
30247
30805
30944
31353
31755
32355
32550
32959
33293
33709
34160
34388
35049
35434
35831
36086
36622
37031
37515
37544
38049
38471
38971
39264
39300
39877
39971
40458
40534
41352
41362
41606
41693
42073
42283
42622
43009
43294
43352
43613
43661
44206
44164
44450
44561
44741
44686
44934
45421
45114
45407
45617
45529
45624
45583
45606
45825
45442
45753
45651
45807
45494
45924
45671
45686
45287
45382
45218
45221
45162
44699
44527
44319
44332
43922
44177
43876
43801
43499
43335
43126
42883
42609
42215
41901
41558
41533
41152
41053
40418
39962
39506
39708
39093
38969
38439
38025
37456
37443
36877
36640
36153
35904
35533
35537
34802
34615
33830
33669
33268
32847
32182
31998
31865
31429
30797
30531
30281
29883
29482
28778
28819
28127
27873
27409
27296
26786
26311
26018
25552
25432
24988
24903
24342
24453
23725
23558
23095
23078
22497
22567
22093
21939
21578
21305
21051
20709
20519
20744
20449
20381
20041
19856
19736
19650
19471
19664
19468
19042
19326
19060
19007
19052
19357
18815
19310
19338
19521
19088
19539
19440
19616
19540
19938
20066
20037
19980
20070
20462
20449
20975
20821
21119
21355
21997
22188
22212
22281
22819
23470
23408
23622
23918
24502
24624
25017
25083
25700
25702
26185
26305
27029
27328
27930
28104
28416
28742
29282
29405
29762
30144
30897
31067
31653
32070
32420
32719
33207
33460
33682
34092
34399
34926
35420
35697
35765
36224
36561
37164
37411
37877
38343
38862
39097
39217
39870
40085
40355
40434
41165
41117
41468
41656
42249
42397
42824
42963
43237
43325
43752
43708
44050
44269
44387
44475
44699
44693
44747
44683
44954
45126
45313
45379
45645
45577
45423
45733
45603
46113
45803
45835
45502
45778
45517
45650
45282
45597
45182
45317
44968
44888
44744
44720
44698
44362
44323
43577
43633
43652
43309
43039
43027
42684
42215
42087
41755
41360
41085
41034
40409
40291
39873
39662
38985
38937
38493
38339
37808
37441
36871
36677
36182
36047
35339
35224
34761
34658
33927
33590
33109
32877
32353
31917
31783
31418
30968
30876
30376
29803
29096
28644
28818
28484
28255
27240
27326
26992
26630
26214
25595
25658
25117
24879
24151
24193
23612
23376
23101
23152
22525
22587
22170
22150
21651
21402
21057
21064
20563
20433
20170
20286
19955
20162
19888
19872
19751
19615
19398
19022
19328
19211
19228
19015
19146
18836
19352
19132
19469
19251
19598
19399
19488
19776
20024
19917
20272
20310
20393
20439
20580
21033
20879
21303
21514
22015
22160
22258
22421
22975
23002
23232
23689
23730
24366
24455
24814
25014
25549
25798
26450
26574
26531
27054
27555
27991
28737
29239
29815
29536
29957
30146
30604
30805
31523
31843
32322
32549
32950
33506
33745
34271
34451
35071
35132
35534
35894
36410
36607
37276
37644
38272
38372
38829
39048
39261
39722
40005
40504
40548
41199
41115
41639
41758
42103
42139
42673
43074
43093
43286
43533
43686
43940
44262
44383
44347
44834
44604
44796
45019
45291
45220
45309
45201
45485
45575
45460
46064
45640
45812
45668
46052
45700
45449
45292
45787
45355
45391
45344
45262
44783
44590
44461
44472
44785
44495
44169
43762
43664
43561
43603
43069
42853
42535
42111
41885
41599
41295
40954
40789
40314
40126
39628
39738
39256
39065
38508
38499
37867
37533
36973
36636
36129
35913
35615
35600
34947
34745
34087
33649
33117
32888
32529
32181
31888
31248
30702
30573
30137
29740
29372
28918
28750
28259
28149
27629
27185
26741
26576
26228
25599
25506
24895
24627
24228
24114
23690
23445
23120
22994
22433
22360
22108
21781
21507
21299
20913
20893
20805
20707
20291
20222
19892
20013
19832
20028
19852
19947
19690
19225
19262
19196
19316
19087
19438
19006
19199
19121
19552
19255
19606
19423
19576
19309
20051
20335
20166
20007
20241
20267
20476
20741
20625
21188
21378
21416
21614
22261
22338
22958
23025
23376
23583
23909
24395
24448
24937
25075
25715
25885
26471
26490
27020
26935
27808
27937
28671
28818
29175
29391
30048
30083
30980
31128
31601
31766
32196
32333
32711
33418
33641
33984
34548
35305
35196
35335
35568
36629
36903
37191
37372
38037
38171
38542
39273
39288
39727
39714
40307
40515
41083
41215
41516
41655
42165
42196
42640
42876
43250
43541
43752
43571
43781
43954
44302
44482
44632
44705
44816
44993
45060
45354
45438
45492
45288
45638
45584
45830
45441
45564
45190
45706
45471
45858
45580
45693
45250
45224
45288
45167
45218
44731
44757
44444
44508
44161
44220
44044
43687
43390
43460
43199
42845
42612
42156
42108
41573
41349
41141
41142
40276
40050
39697
39756
39243
39235
38794
38570
38095
37875
36979
36795
36218
36197
35588
35461
35007
34470
33938
33793
33497
33010
32426
31985
31676
31321
30933
30502
30064
29748
29681
28932
28658
28302
27987
27425
27426
26854
26446
26100
25772
25541
25015
24992
24565
24326
23624
23638
23187
22948
22789
22605
22018
22187
21740
21379
21120
21237
21033
20965
20358
20142
19947
20103
20083
19995
19903
19575
19429
19209
19581
19074
19057
19203
19595
19322
19486
19025
19593
19469
19371
19326
19561
19704
19823
19974
19976
20369
20463
20690
20663
20843
21081
21577
21457
21727
21887
21838
22215
22755
23109
23121
23476
23596
24366
24297
24693
24867
25588
25884
26497
26564
26999
27395
27995
28121
28365
28416
29348
29240
29987
30081
30571
30786
31387
31846
32281
32818
33224
33346
33824
34379
34504
35057
34924
35597
35983
36639
36841
37176
37577
38139
38302
38584
38967
39102
39902
40119
40518
40631
41113
41307
41649
41670
42019
42278
42684
42881
42998
43557
43786
43755
43826
43811
44244
44348
44708
44763
44837
44823
44978
45355
45318
45626
45792
45970
45753
45813
45573
45599
45299
45769
45547
45675
45351
45484
45174
45309
45295
45329
44741
44613
44648
44579
44730
44319
44224
43687
43685
43499
43362
43128
42812
42607
42164
42119
41580
41418
41192
41077
40447
40443
39828
39656
38999
39076
38599
38080
37713
37396
36962
36793
36087
35999
35707
35626
35075
34506
34163
33887
33336
32753
32419
32171
32017
31174
31007
30964
30513
29910
29528
28816
28930
28575
28047
27272
27216
26770
26376
26231
25658
25607
25086
24887
24525
24282
23675
23505
23232
23030
22674
22677
21955
22099
21710
21569
21142
21229
20885
20727
20401
20221
20027
20082
20157
20186
19956
19902
19930
19576
19719
19096
19065
19045
19403
19436
19588
19206
19392
19217
19703
19482
19650
19614
19857
19811
20032
20222
20121
20346
20540
20862
21152
21449
21504
21926
21945
22119
22495
22672
22883
23113
23630
23929
24391
24363
24997
25268
25716
25745
26382
26553
27019
27246
27926
27963
28533
28657
29147
29251
29703
29820
30607
31083
31461
31685
32212
32614
32959
33275
33810
34400
34520
35207
35132
35820
35900
36582
36857
37196
37568
37991
38265
38735
38932
39180
39796
39862
40334
40435
40991
41309
41671
41356
41905
42119
42657
42901
42875
43369
43595
43624
44087
44227
44638
44374
44634
44982
44970
45173
45189
45426
45342
45474
45513
45600
45763
45948
45459
45870
45782
45566
45317
45742
45492
45572
45276
45421
45268
44997
44797
44603
44731
44527
44754
44345
44377
43914
44119
43889
43448
43304
42658
42303
42220
42209
41439
41644
41144
40988
40422
40623
39945
39686
39120
38954
38633
38397
38055
37886
37299
36985
36324
36161
35695
35378
34785
34669
34144
33834
33483
32838
32444
32019
31887
31166
30858
30672
30371
29900
29705
28926
29003
28524
28058
27453
27112
26706
26405
26306
25869
25712
24933
25104
24508
24206
23645
23505
23229
23106
22690
22747
22284
22216
21758
21368
21199
21029
20692
20737
20527
20677
20400
20191
20162
19883
19723
19687
19353
19274
19634
19267
19332
19290
19233
19080
19352
19292
19567
19526
19574
19459
19695
19623
19729
19791
20030
20024
20311
20676
20534
20716
21025
21446
21609
21862
21931
22099
22437
22767
22974
23119
23724
23834
24325
24511
24916
25012
25739
25989
26360
26626
27112
27270
27501
27916
28497
28648
29428
29435
30162
30352
30780
30905
31515
31751
32214
32601
33118
33387
33833
34392
34522
35277
35114
35556
35877
36456
36839
37203
37600
38330
38518
38847
39253
39323
39818
39844
40497
40713
41330
41263
41557
41472
42109
42315
42847
43003
43218
43178
43435
43599
44008
44068
44196
44347
44538
44754
44923
45244
45216
45548
45501
45808
45851
45675
45845
45914
45744
45828
45476
45613
45382
45851
45534
45538
45209
45229
45019
44901
44781
45004
44811
44197
44531
44275
44068
43843
43740
43369
43411
42874
43003
42714
42203
42110
41727
41493
41012
40784
40151
40507
40105
39795
39028
39085
38571
38088
37754
37355
36644
36547
36366
36048
35468
35520
34919
34692
34264
33735
33220
32723
32428
32180
32022
31347
30974
30762
30632
29858
29714
29252
28744
27996
27840
27656
27292
26601
26349
26492
25961
25870
25168
25218
24362
24099
23487
23643
23228
23078
22600
22404
22180
22183
21697
21354
21227
21358
20975
20791
20479
20654
20391
20033
20097
19693
19680
19808
19518
19475
19474
19078
19178
18853
19367
19052
19467
19173
19513
19323
19643
19501
19536
19727
19928
19797
19889
19965
20140
20510
20304
20979
20990
21283
21244
21506
21925
21998
22244
23040
23212
23305
23787
24005
24234
24422
25064
25275
25574
25774
26508
26492
27008
27181
27835
27874
28444
28509
29264
29486
30046
30056
30439
30809
31521
31866
32196
32536
32822
33495
33547
34092
34319
35123
35328
35871
35868
36515
36899
37468
37775
38281
38256
38597
39114
39335
39776
39653
40354
40503
40847
41088
41522
41681
42022
42217
42639
42787
42908
43301
43558
43617
44117
44411
44098
44189
44515
44877
44748
45202
45111
45383
45147
45514
45337
45611
45514
45705
45471
45930
45541
45493
45651
45799
45418
45585
45718
45650
45613
44999
45308
45140
44915
44743
44674
44308
44330
43764
43639
43719
43464
42991
42603
42701
42411
42325
41625
41675
41366
41148
40328
40306
39693
39642
39146
39046
38605
38292
37878
37689
37259
37093
36501
36055
35651
35526
34822
34460
34325
34028
33584
32984
32615
32223
32033
31222
31141
30662
30422
29739
29818
29259
28986
28156
27990
27429
27135
27067
26542
26463
25826
25662
25176
25172
24369
24211
23873
23757
23242
22991
22650
22542
22351
22228
21759
21611
21411
21078
20808
20707
20438
20359
20074
20003
19962
19858
19641
19411
19657
19202
19532
19264
19438
19140
19485
19288
19211
19357
19532
19349
19461
19497
19607
19403
19596
20168
19878
20058
20056
20322
20487
20823
20879
21405
21478
21912
22082
22203
22425
22952
23085
22836
23472
23643
24441
24367
24883
24932
25513
25756
26245
26453
26879
26979
27784
28125
28407
28593
29224
29291
30027
30268
30557
31213
31633
31971
32150
32421
32814
33397
33670
34145
34325
34978
35193
35921
36101
36721
36636
37333
37601
38068
38332
38488
