54153
54368
55024
56030
56538
56712
57050
57420
58509
59015
59332
59781
59714
59698
59595
60025
60838
61304
61246
60739
60661
61032
61453
61521
61180
60937
60843
60945
61318
61406
61114
60697
60988
61262
61444
61242
60657
60046
59375
59195
59083
58767
58083
57443
57111
57033
56966
56167
55540
55037
54827
54765
54235
53460
52853
52121
51347
50678
50120
49574
48753
48056
47397
46482
45486
44676
43915
43031
42550
41936
41072
39900
38977
38122
37588
36834
35945
35174
34589
33955
33784
33178
32069
30912
30101
29491
28609
27749
26973
26150
25374
24401
23663
23013
22580
22054
21449
20350
19156
18340
18033
17513
17117
16653
16309
16029
15266
14328
13672
13364
12836
12392
11848
11543
11122
10348
9820
9576
9242
9206
9217
8961
8497
8085
8044
8014
7831
8133
8633
8879
8220
7795
7969
7763
7869
8495
8897
8834
8864
9024
9236
9399
10180
10445
10487
10383
10671
11118
11714
11852
12413
12789
13332
13731
14357
15013
15960
16491
16927
17131
18032
18742
19611
20208
20494
21083
21949
22738
23265
24097
24741
25373
26046
27211
28262
28862
29557
30483
31212
31880
32520
33688
34539
35262
35682
36294
36959
37791
38583
39460
40246
41362
42267
42672
42756
43276
44529
45506
46188
47178
47919
48774
49462
50269
50590
51280
51679
52159
52958
54031
54627
54995
55317
55984
56796
57141
56884
57410
58282
59165
59154
58963
59052
59910
60503
60817
60889
60993
60959
60813
60965
61257
61579
61779
62031
61972
61779
61715
61807
61898
61880
61860
61602
61652
61326
61151
60669
60049
59346
59109
58925
58486
58086
58056
57620
57073
56437
55987
55610
55116
54405
53976
53779
53533
52793
52124
51585
50814
50094
49268
48486
47512
46878
46547
45650
44633
43722
42944
42224
41601
40751
39928
38793
38074
37596
37266
36694
35900
34894
33938
33829
33049
32038
31103
29967
29302
28902
28262
27197
26207
25617
25385
25090
24031
22527
21429
20571
20015
19710
19273
18609
17949
17918
17701
17065
15512
14858
14490
14181
13520
12768
12540
12413
11891
11010
10451
10312
10319
10122
9393
8607
8381
8850
9243
8697
8480
8700
8108
7989
7889
8565
8742
9034
8644
8328
8294
8429
8627
8851
9366
9572
9644
10032
10351
10605
10755
10837
11097
11334
11837
12448
13333
13635
13827
14228
14656
15412
16169
16914
17426
18008
18860
19741
20606
21534
22246
22636
23019
23788
24572
24977
25393
25820
26823
27990
28532
29064
29920
30840
31584
32293
33095
33760
34573
35500
36310
36579
37357
38410
39435
40102
40857
41630
42886
43635
43872
44494
45557
46590
47470
47667
47996
48803
49436
50429
50980
51897
53006
53825
54171
54690
54875
55119
55383
55768
56510
57338
57859
58261
58207
58748
59133
59546
59799
59790
59861
60079
60562
60855
61111
61493
61812
61808
61810
61847
61938
61682
61322
61162
61064
61096
61206
61065
61070
61314
61234
60864
60570
60081
59345
58765
58212
58063
57995
57733
57222
56355
55793
55471
54906
54356
54148
54130
53904
53256
52510
51372
50428
49381
48353
48016
47876
47255
46409
45429
44596
44205
43917
43198
41915
40384
39826
39357
38735
37768
36982
36049
35348
35060
34145
33096
32405
31410
30662
30070
29475
29053
28440
27525
26290
25257
24526
23491
23015
22708
22618
22267
21238
19899
18446
17690
17331
17620
17194
16047
15454
15048
15131
14292
13622
12891
12285
11835
11793
11776
11454
10870
10506
10012
10061
9732
9497
8903
8517
8840
9112
8739
8141
7806
7587
7823
8030
8303
8004
7733
7813
8370
8612
8809
9056
8910
9283
9537
10145
10821
11047
11102
11242
11915
12729
13048
13155
13147
13397
13711
13901
14438
15367
16585
17208
17583
18136
19096
20161
21109
21731
22361
22674
22977
23369
24381
25759
26620
26991
27526
28618
29673
30670
31314
31943
32615
33363
34270
35336
35916
36188
36842
37795
38433
39254
40130
41335
42273
42705
43080
43526
44235
44904
45928
46771
47259
47742
48102
49492
50192
51257
52118
52472
52768
53535
54391
55173
55756
56379
57472
57695
57514
57992
58217
58539
58806
58914
59237
59829
60155
60077
60111
60497
60834
61228
61491
61465
61567
61730
62013
61619
61553
61572
61424
61584
61931
62151
61784
61000
60691
60845
60641
60017
59280
58979
59032
59356
59183
58461
57866
56867
56083
55795
55964
55518
55166
54267
53877
53636
53168
52683
51718
50867
49901
49196
48809
48118
47396
46460
45541
44817
44330
43379
42686
42200
41521
40557
39510
38891
38263
37647
36845
35892
34780
34184
33759
32827
31910
31153
30360
29416
28724
28345
27484
26706
25667
24873
24223
23336
22736
22290
21716
20912
20449
19659
18791
17915
17234
16933
16161
15625
15372
14964
14369
13670
12894
12406
11850
11708
11857
11628
11233
10552
9951
9501
9195
9326
9068
8688
8395
8855
9060
8792
8134
7981
8113
7850
7810
8369
8656
8667
8675
8594
8970
9493
9830
9841
9740
9762
10035
10265
10687
11251
11748
12231
12599
13417
14220
14563
14562
14762
15150
16005
16851
17049
17032
17781
18772
19580
20264
20868
21475
22264
23084
24263
25405
26335
26726
26891
27667
28476
29258
29966
30524
31445
32500
33969
34445
34891
35682
36576
37440
38289
38788
39370
40325
41272
42169
43289
44012
44336
44322
44921
46012
46864
47446
47792
48533
50126
50845
50987
51092
51859
53224
54133
54163
54340
54860
55826
56439
56767
57176
57827
58190
58702
59311
59682
59764
59662
59574
60083
60676
61264
61174
60995
60719
60962
61340
61355
61199
60979
60847
60987
61391
61389
61205
60751
60784
61273
61396
61218
60831
60108
59463
59146
59088
58878
57966
57560
57418
57295
56888
56086
55725
55101
54850
54781
54429
53744
53004
52219
51428
50926
50388
49778
48976
48208
47693
46690
45670
44806
43929
43195
42587
42131
41282
40078
39006
38295
37785
37068
36078
35301
34718
34282
34062
33312
32549
31158
30259
29462
28904
27867
27098
26418
25476
24471
23760
23076
22669
22203
21564
20521
19338
18517
18215
17525
17329
16516
16334
16131
15363
14671
13759
13411
12992
12340
11866
11712
11194
10432
9887
9570
9096
9147
8992
8621
8744
8538
8275
8171
7876
7993
8659
8859
8517
8256
8152
7870
7762
8193
8572
8894
9129
9138
9385
9370
9597
10105
10356
10302
10521
10988
11587
11846
12270
12711
13226
13644
14236
14818
15778
16543
17240
17264
17785
18623
19486
20180
20395
20954
21683
22575
23150
23978
24551
25045
25834
27173
28073
28714
29543
30314
31085
31970
32707
33520
34323
35094
35668
36143
36843
37728
38548
39314
40313
41291
42222
42416
42591
43153
44368
45393
46100
47003
47846
48714
49400
50013
50886
51463
51710
52067
52961
53903
54507
54983
55295
55975
56554
56835
56994
57138
58043
58928
59149
58990
59086
59682
60307
60640
60949
60967
60906
61025
60910
61153
61558
61772
62065
61891
61782
61600
61718
61863
61889
61719
61582
61603
61332
61060
60718
60177
59393
59121
58876
58954
58466
57957
57695
57240
56505
56316
55999
55261
54471
54060
53776
53511
52949
52254
51576
50841
50105
49139
48252
47620
47104
46655
45842
44773
43819
43103
42250
41381
40656
40215
39547
38585
37865
37254
36797
35966
34973
34165
33784
32875
32345
31364
30272
29416
28864
28426
27371
26327
25647
25471
24762
23671
22760
21703
20621
20055
19757
19220
18769
18121
17993
17746
17204
16003
14955
14402
14285
13638
12869
12416
12324
12063
11174
10509
10266
10249
9954
9572
8724
8591
8829
9082
8950
8730
8316
8009
7902
8194
8344
8704
8786
8551
8356
8172
8465
8879
8804
9133
9416
9392
9561
10079
10563
10759
10861
11066
11323
11624
12494
13268
13593
13806
14166
14623
15283
16431
16997
17233
17583
18297
19541
20564
21480
22111
22551
23002
23378
24000
24761
25425
26027
26824
27762
28480
29093
29669
30757
31485
32149
32958
33586
34193
35277
36260
36610
37100
38133
39202
40171
40901
41433
42626
43528
43867
44256
45338
46421
47336
47967
48118
48696
49351
50157
50690
51559
52933
53592
54233
54724
54943
55129
55318
55866
56390
57182
57751
58286
58407
59009
59246
59700
59903
59809
59815
60271
60509
60796
61221
61439
61686
61874
61771
61892
62020
61818
61508
61173
61195
61049
61189
61011
61050
61283
61291
61022
60733
60173
59549
58680
58251
58090
58102
57820
57402
56468
55880
55527
55002
54552
54170
54166
53931
53434
52682
51697
50643
49528
48554
48198
48197
47717
46646
45635
44679
44246
43944
43375
42150
41040
40000
39558
38847
38095
36979
36175
35502
35035
34314
33561
32668
31425
30831
30156
29578
29120
28539
27798
26483
25113
24578
23832
23131
22683
22563
22332
21293
19907
18621
17692
17334
17766
17153
16504
15753
15258
15452
14621
13680
13019
12396
12047
11904
11799
11549
10982
10516
10033
9837
9606
9479
8911
8200
8682
8811
8769
8402
7940
8027
7717
7902
7979
8129
8268
8309
8105
8383
8606
8897
9184
9193
9304
10076
10723
11000
10966
11268
11794
12615
13106
13081
13176
13338
13712
13932
14440
15282
16047
16992
17790
18339
19035
20137
20934
21585
22264
22940
23212
23337
24259
25651
26494
26928
27456
28404
29652
30607
31111
31533
32512
33661
34672
35503
35894
36135
36779
37626
38324
39022
39968
41134
41997
42521
42956
43471
44082
44740
45779
46658
47193
47704
48306
49063
50106
51296
52073
52541
52690
53254
54087
55064
55614
56277
57030
57829
57704
57904
58139
58633
58894
59089
59203
59636
60147
60009
60060
60298
60756
61093
61468
61588
61570
61868
61816
61672
61627
61550
61465
61565
62038
62259
61902
61050
60679
60805
60778
60143
59500
59072
59002
59017
59019
58669
58249
57116
56460
55903
55928
55534
55192
54282
53851
53579
53317
52845
51952
50955
50225
49465
48964
48236
47533
46639
45753
44921
44256
43594
42799
42319
41721
40786
39508
38966
38368
37659
37037
36050
34950
34239
33843
33014
32162
31331
30394
29482
28932
28315
27725
26939
25945
25037
24237
23542
22937
22580
21702
20968
20536
19948
18877
17963
17305
17063
16630
16223
15743
15169
14531
13803
13017
12439
12069
11907
11824
11642
11399
10517
10107
9575
9259
8979
8485
8483
8524
8813
9156
8903
8254
7991
8347
8275
8086
8125
8440
8379
8362
8250
8471
8886
9621
9856
9587
9741
9924
10246
10542
11058
11698
12195
12645
13315
14117
14590
14517
14616
15037
15864
16504
16916
17003
17619
18554
19383
20238
20796
21316
22061
22780
23989
25678
26531
26702
26877
27544
28470
29328
29832
30406
31379
32503
33670
34293
34877
35578
36400
37319
38055
38715
39413
40221
41048
41998
42986
44071
44281
44329
44933
45897
46737
47403
47789
48452
49770
50605
51392
51499
51814
53049
54008
54058
54267
54763
55704
56599
57127
57356
57641
58291
58733
59102
59361
59751
59627
59538
59941
60653
61224
61182
60868
60636
60843
61308
61456
61304
60996
60836
60962
61255
61503
61114
60799
60723
61072
61336
61307
60943
60253
59601
59133
59090
58843
58685
57800
57246
57196
56717
56258
55493
54998
54849
54685
54481
53802
53126
52294
51552
50743
50183
49732
49280
48456
47527
46747
45773
45013
44176
43293
42581
41628
41031
40069
39094
38431
37790
37036
36189
35483
34709
34409
34043
33367
32448
31338
30351
29544
28896
28004
27125
26354
25602
24852
23992
23090
22655
22284
21768
20650
19471
18531
18091
17409
17133
16415
16123
15852
15346
14686
13876
13510
13104
12389
12020
11840
11189
10577
9972
9641
9722
9478
9009
8795
8385
8348
8145
7860
8077
8323
8816
8817
8266
8037
7767
7818
7859
8210
8626
8813
8954
9061
9087
9275
9821
10258
10384
10369
10450
11065
11452
11745
12155
12694
13049
13609
14172
14854
15754
16532
16613
17063
17662
18582
19423
20197
20319
20865
21554
22474
23351
23952
24293
24861
25791
26971
27764
28666
29386
30161
30956
31770
32581
33262
34050
34937
35501
36164
36776
37574
38369
39251
40010
41027
42144
42401
42567
43062
43997
45211
45888
46856
47661
48764
49167
49679
51020
51455
51650
51959
52829
53701
54527
54918
55227
55724
56664
56923
56894
56783
57617
58524
58959
58915
59068
59298
60016
60596
60762
61041
60929
60999
60929
61242
61385
61689
61899
62021
61860
61571
61723
61814
61881
61769
61746
61622
61510
61075
60754
60209
59626
59109
58888
58707
58303
57918
57706
57426
56936
56530
55857
55485
54712
54076
53848
53615
53034
52315
51587
51397
50435
49271
48552
47972
47208
46616
45973
44935
44041
43230
42558
41747
41098
40446
39560
38591
37781
37405
36936
36122
35168
34183
33567
33126
32140
31543
30401
29401
28980
28449
27495
26485
25755
25661
25099
24122
23127
21802
20849
20118
19795
19352
18761
18296
17982
17831
17163
16265
15151
14479
14284
13765
13081
12449
12371
12005
11254
10503
10284
10401
10256
9773
8651
8341
8684
9167
9016
8505
8372
7972
7857
7593
7929
8578
8799
8812
8205
7674
8128
8621
8925
8920
9206
9360
9616
10061
10604
10662
10831
11047
11266
11551
12214
13215
13630
13782
14003
14646
15557
16432
16743
16968
17404
18112
19279
20375
21314
21894
22528
22941
23808
24204
24770
25208
25711
26449
27553
28449
28910
29519
30624
31359
32055
32599
33333
34269
35191
36172
36612
36976
38073
39136
40096
40824
41705
42725
43548
43773
44166
45230
46401
47191
47713
47993
48482
49044
50124
50682
51633
52694
53485
54153
54602
54929
55066
55333
55851
56275
56682
57418
58131
58593
58895
59162
59786
59891
59804
59848
60074
60423
60814
61210
61466
61788
61884
61770
61760
62014
61759
61501
61251
61043
61156
61143
61127
61092
61243
61288
61030
60700
60195
59681
59129
58503
58118
58098
57857
57355
56498
55871
55502
55071
54414
54128
54145
53996
53428
52738
51881
50801
49294
48291
48053
47697
47516
46727
45728
44754
44354
44057
43465
42312
41366
40300
39750
39241
38313
37203
36242
35702
35063
34249
33275
32298
31535
30913
30289
29687
29171
28660
27857
26666
25553
24548
24191
23365
22811
22569
22434
21622
20078
18811
18109
17419
17208
16887
16679
15521
15231
15338
14695
13853
13168
12510
12058
11736
11662
11438
11040
10678
10320
9823
9642
9524
9203
8780
8969
8806
8699
8360
7840
7525
7591
8110
8267
8239
7913
7730
7739
8200
8627
8973
8997
9168
9354
9666
10533
10942
10957
11069
11664
12463
12923
13157
13121
13230
13628
13798
14253
14939
15834
16912
17554
18082
18879
19970
20932
21531
22145
22762
23008
23175
24056
25474
26453
26895
27395
28221
29387
30342
30832
31702
32584
33228
34117
35217
35901
36293
36558
37460
38263
38904
39966
41105
41916
42446
42903
43430
43907
44630
45696
46574
47104
47582
48017
49238
50171
51128
51958
52498
52656
53117
54129
54993
55515
56133
57099
57824
57872
57846
58181
58419
58811
59201
59132
59595
60172
60050
60035
60379
60672
61010
61361
61509
61482
61823
61874
61704
61456
61544
61424
61477
61762
62166
61938
61299
60738
60758
60861
60313
59540
59010
58905
58899
58909
58818
58375
57458
56790
56482
56046
55761
55160
54445
53760
53629
53397
52754
52029
50864
50193
49665
49317
48576
47780
46619
45788
45013
44467
43670
42906
42238
41730
41319
40165
39198
38498
37763
37213
36269
35144
34315
33790
33402
32501
31646
30572
29705
29011
28467
27698
26900
26023
25063
24117
23307
23083
22634
21955
21190
20638
20065
19068
18161
17319
16966
16908
16101
15777
15176
14474
13817
13032
12533
12145
11848
11674
11741
11434
10814
10011
9641
9310
9020
8804
8615
8672
8813
9060
9031
8344
8173
8058
8305
8206
8363
8802
8692
8639
8646
8833
9341
9646
9743
9828
9707
9860
10208
10473
11036
11559
12159
12505
13277
14054
14547
14475
14586
14927
15682
16278
16367
17183
17734
18468
19372
19994
20672
21236
22025
22983
23933
25217
26258
26747
26790
27247
28325
29245
29752
30263
31190
32306
33443
34133
34825
35457
36212
37101
37898
38615
39247
40136
41118
41917
42938
43853
44129
44309
44740
45751
46710
47255
47535
48252
49621
50551
51356
51339
51712
52821
53921
54254
54239
54677
55562
56529
56775
57296
57868
58369
58846
59178
59408
59749
59684
59451
59704
60505
61261
61201
60922
60760
60819
61310
61369
61380
61075
60950
60856
61235
61507
61374
60934
60689
61090
61476
61261
60974
60312
59567
59242
59084
58900
58429
57769
57432
57031
56547
56050
55778
55344
54863
54862
54627
53968
53198
52631
51673
50868
50379
50076
49352
48615
47610
46909
45854
45127
44282
43361
42820
42265
41349
40253
39396
38331
37731
37216
36481
35551
34821
34158
33956
33529
32625
31506
30362
29748
28902
28134
27246
26578
25590
24886
24257
23468
22732
22398
21742
20909
19654
18617
18061
17897
17555
16709
16068
16047
15679
14628
13897
13444
13263
12543
12121
11754
11491
10676
10085
9656
9716
9433
9170
8833
8301
7846
7899
8122
8028
7988
8405
8641
8384
8032
8067
8127
8233
8276
8227
8482
8705
8813
9179
9109
9772
10141
10312
10402
10402
10871
11317
11686
12073
12459
12964
13573
14087
14770
15672
16368
16827
17145
17499
18298
19170
19989
20481
20695
21392
22386
22932
23462
24293
24983
25758
26620
27802
28608
29248
29902
30875
31590
32708
33222
34171
34955
35555
36053
36588
37447
38316
39101
40115
41217
42068
42670
42556
42903
43789
45121
45961
46741
47616
48934
49427
49595
50679
51168
51614
51919
52743
53573
54421
54887
55202
55641
56443
56973
57047
56919
57863
58877
59077
58947
59109
59412
59909
60537
60836
60893
60947
60913
60975
61078
61531
61792
61887
62015
61981
61584
61650
61817
61912
61866
61763
61640
61382
61098
60694
60376
59653
59123
58962
58800
58517
58066
57774
57757
57087
56480
55993
55574
54836
54177
53784
53664
53235
52389
51807
51437
50948
49774
48620
47827
47221
46705
46190
45057
44202
43332
42390
41556
41080
40403
39721
38952
37997
37497
37042
36143
35269
34302
33713
32932
32495
31894
30281
29715
28990
28527
27747
26611
25838
25107
24829
24375
22971
21794
20909
20152
19786
19562
18769
18597
17940
17909
17355
16125
14981
14337
14136
13847
12978
12502
12373
12179
11474
10691
10287
10296
10165
9714
9119
8507
8854
9017
9036
8909
8528
8122
7940
7952
7829
8371
8821
8699
8333
7908
8112
8526
8831
9069
9297
9547
9567
10025
10454
10720
10767
10965
11146
11521
12133
12975
13617
13721
13964
14560
15488
16064
16462
17356
17606
18180
19044
20253
21179
21935
22452
22823
23252
23964
24656
25247
25550
26323
27518
28402
28803
29568
30372
31229
31936
32637
33608
34083
35109
36000
36444
36869
37855
38924
39799
40401
41221
42496
43393
43731
44039
44889
46159
47120
47681
48214
48443
48994
49836
50631
51464
52575
53420
54150
54551
54894
55031
55280
55661
56176
56831
57413
58132
58395
58761
59132
59454
59776
59785
59904
60046
60371
60719
60983
61431
61771
61897
61814
61769
61921
61900
61657
61270
61091
61028
60999
61037
61084
61289
61270
61118
60701
60253
59704
59240
58498
58074
57859
57775
57047
56646
55843
55333
55128
54629
54273
54067
54066
53467
52779
52180
50827
49525
48658
48052
48165
47837
46973
45939
45028
44396
44080
43594
42656
41267
40272
39832
39283
38306
37309
36342
35644
35111
34748
33701
32897
32081
31030
30403
29698
29256
28775
28105
26814
25726
24783
23914
22962
22823
22772
22499
21816
20496
18883
18041
17326
17470
17287
16963
15607
15412
15080
14765
13995
13281
12647
12005
11721
11746
11669
11100
10722
10201
9903
10122
9700
9165
8667
8559
8839
9205
8641
8179
7977
8051
7872
8320
8478
8628
8128
8223
8522
8847
8990
8766
9257
9542
9959
10562
10989
10923
11099
11498
12401
12902
13146
13023
13305
13592
14006
14237
14704
15621
16703
17940
18415
18791
19840
20818
21578
21894
22722
22943
22863
23567
25228
26297
26830
27278
28025
29245
30291
30986
31835
32522
33224
34184
35169
35918
36052
36640
37399
38134
38836
39679
40875
41963
42439
42897
43261
43832
44519
45437
46488
47109
47536
48111
48943
49941
50902
51884
52275
52734
52975
53908
54832
55347
56065
56804
57558
57965
57914
58163
58539
58844
59157
58864
59404
59972
60224
60019
60322
60571
61035
61268
61505
61431
61776
61973
61879
61703
61675
61427
61450
61743
62147
62109
61421
60718
60672
60776
60421
59638
59071
58889
58921
58867
58826
58234
57613
56674
56367
55949
55943
55295
54537
53957
53711
53473
52851
52140
51341
50438
49971
49062
48658
47626
46811
45978
45255
44573
43831
43022
42462
41753
41004
40215
39063
38496
37857
37296
36444
35244
34375
33894
33493
32342
31526
30779
29709
29049
28439
27824
27129
26234
24984
24352
23629
22852
22563
21944
21261
20701
20166
19226
18201
17725
17190
17055
15971
15855
15265
14640
13836
13150
12670
12046
11912
11791
11700
11433
11004
10254
9981
9475
9154
8931
8712
8821
9043
8812
8819
8438
7896
7738
7889
7788
7947
8666
8687
8583
8571
8805
9033
9520
10075
9830
9676
9889
10079
10486
10978
11600
12105
12338
13108
13923
14478
14683
14366
14777
15583
16315
16454
16978
17211
18245
19243
20013
20689
21110
21933
22983
23746
24874
26156
26703
26829
27201
28173
29131
29699
30194
30931
32098
33160
33915
34640
35338
36134
36936
37849
38532
39183
39954
40528
41116
42415
43694
44312
44369
44614
45571
46607
47205
47658
48195
49450
50438
51057
51355
51534
52638
53861
54294
54210
54572
55480
56447
57018
57212
57137
57965
58657
59081
59414
59712
59735
59732
