45812
46291
46521
46751
46895
47002
47034
47234
47501
47677
47954
47981
48079
48247
48448
48809
49129
49476
49653
49789
50339
50832
51409
51696
52165
52361
52483
52804
52975
53126
53440
53648
53725
53905
54182
54599
54885
55104
55420
55579
55961
56307
56516
56898
56733
56994
57342
57408
57716
58003
58336
58695
59032
59423
59824
60026
60298
60545
60495
60697
60956
61152
61437
61621
61839
61943
62180
62481
62672
62872
62909
63123
63295
63538
63765
63951
64107
60576
55019
49614
43907
38128
32571
27158
21806
16143
13574
13628
13820
14041
14366
14563
14657
14934
15496
15641
15967
16284
16663
16963
17537
18020
18111
18108
18535
18547
18935
19079
19569
19513
19729
19908
19978
20338
20696
20829
21132
21347
21711
22033
22282
22621
22828
23059
23481
23537
23724
23736
23747
24015
24197
24472
24771
25026
25591
25877
26295
26752
27033
27351
27642
27838
27929
27890
28144
28260
28469
28853
29065
29333
29703
30230
30411
30837
31071
31199
31494
31644
31803
32052
32124
32545
32690
33106
33615
33893
34110
34388
34412
34553
34610
34832
35000
35234
35328
35620
35822
36144
36449
36835
36991
37273
37414
37782
37901
38183
38392
38488
38825
39008
39158
39377
39419
39738
39924
40196
40530
40526
40928
41235
41704
41969
42072
42488
42926
43408
43545
43757
44067
44158
44732
45120
45319
45527
45749
46158
46482
46725
46815
46839
46918
47116
47227
47361
47582
47980
48260
48777
49121
49320
49695
50053
50298
50626
50764
50969
51189
51351
51796
51995
52143
52355
52431
52668
53046
52966
53413
53648
53792
54288
54462
54827
55046
55262
55654
55821
56018
56294
56401
56573
56844
57304
57574
57925
58181
58488
58766
59193
59529
59862
60081
60202
60297
60417
60830
61010
61217
61603
61954
62185
62495
62869
63101
63094
63205
63297
63260
63386
63470
63613
63667
60119
54651
49075
43627
37937
32222
26683
21129
15805
13248
13563
14027
14338
14756
15276
15458
15847
15920
16338
16421
16675
16877
17248
17282
17449
17668
18048
17972
18333
18546
18857
18936
19259
19550
19841
20056
20605
20964
21215
21574
21711
21902
22196
22454
22683
22993
23030
23329
23594
23869
24340
24774
25012
25456
25472
25818
25874
26133
26512
26713
26746
27011
27258
27691
28059
28456
28652
28806
28908
29115
29357
29480
29593
29626
29915
29890
29978
30115
30412
30767
30956
31143
31596
31774
32162
32604
32983
33229
33452
33645
34026
34233
34465
34713
34996
35168
35492
35617
35827
35881
36195
36602
36877
37263
37454
37815
38093
38362
38681
38931
38921
39048
39301
39697
39946
40158
40392
40519
40934
41247
41405
41540
41643
41803
41981
42279
42582
42672
42725
42902
43440
43667
43941
44247
44304
44622
44833
45221
45605
45618
45969
46272
46464
46897
47160
47399
47471
47697
47957
48127
48354
48736
48922
49045
49226
49600
49892
50202
50311
50481
50570
51009
51556
51769
52112
52305
52631
53060
53178
53519
53532
53622
53908
54114
54426
54484
54740
55131
55572
55933
56217
56475
56913
57116
57526
57567
57891
58211
58554
58708
59177
59228
59536
59902
60192
60330
60683
60867
61211
61401
61691
61835
61936
62389
62659
62692
62840
63236
63483
63682
63862
64168
64370
64575
61900
56324
50518
44912
39304
33924
28356
22886
17250
13696
14005
14296
14510
14892
15056
15295
15663
15710
16050
16416
16719
17031
17128
17376
17613
17628
17976
18196
18474
18899
18996
19386
19788
19957
20224
20413
20726
20803
20871
21176
21548
21514
21880
22300
22572
22943
23238
23393
23756
23692
24125
24169
24289
24634
24845
25139
25525
25528
26011
26289
26473
26770
26885
26997
27085
27529
27993
28229
28359
28837
29071
29313
29586
30026
30150
30085
30384
30643
30726
31199
31679
32145
32141
32217
32743
32998
33277
33455
33764
33828
33971
34303
34627
34734
35072
35394
35654
35832
36068
36381
36471
36585
36824
37090
37203
37531
37702
37777
37867
38065
38371
38536
38652
38821
39077
39250
39752
40298
40738
41047
41361
41678
41950
42202
42717
42843
42933
43152
43511
43839
44068
44205
44445
44650
44728
44998
45054
45206
45349
45498
45835
46202
46469
46731
46992
47359
47824
48306
48730
49010
49225
49346
49588
49823
49881
49831
50090
50302
50584
50883
51209
51586
51981
52317
52741
52899
53157
53264
53459
53709
53898
54017
54369
54513
54704
55084
55314
55560
55852
56089
56352
56565
56890
57205
57445
57626
57880
58295
58470
58720
58875
59108
59423
59639
59823
59991
60223
60655
60968
61217
61640
61965
62071
62432
62662
63023
63034
63171
63392
63599
63669
64063
64198
64455
61522
55867
50254
44835
39348
33694
28039
22504
16995
13557
13988
14313
14316
14566
14832
15295
15619
15649
15944
16099
16392
16719
16847
17107
17206
17389
17717
17980
18435
18561
18810
19111
19498
19861
20035
20173
20700
20746
20851
21307
21551
21622
21657
21910
22403
22506
22867
23448
23518
23971
24340
24609
24860
25171
25519
25710
25905
26419
26659
26852
27342
27529
27544
27611
27910
28105
28223
28346
28570
28796
29157
29586
29983
30260
30355
30643
31104
31374
31700
32119
32378
32362
32385
32754
32886
33030
33119
33117
33019
33113
33512
33920
34144
34366
34649
35046
35274
35653
36128
36202
36316
36343
36586
36736
36928
37119
37393
37726
37987
38406
38780
39077
39403
39857
40242
40426
40676
41052
41185
41482
41672
41869
42063
42073
42189
42346
42453
42816
43166
43274
43546
43714
44135
44698
44997
45347
45547
45786
46251
46480
46735
46883
46998
47017
47201
47466
47661
47923
47943
48076
48247
48453
48817
49136
49483
49660
49796
50345
50839
51417
51748
52170
52373
52530
52822
53016
53163
53468
53648
53722
53903
54171
54597
54888
55058
55424
55551
55958
56242
56468
56867
56754
56971
57325
57415
57658
57965
58355
58677
59054
59439
59811
60034
60304
60576
60519
60698
60956
61149
61432
61619
61842
61950
62188
62491
62684
62866
62896
63110
63307
63523
63760
63931
64101
60981
55447
49977
44340
38562
32958
27551
22217
16559
13543
13616
13839
14007
14320
14547
14635
14920
15489
15654
15966
16256
16665
16937
17514
18040
18125
18111
18533
18559
18943
19086
19575
19521
19735
19915
19983
20345
20701
20839
21160
21345
21707
22035
22271
22633
22807
23053
23448
23506
23719
23758
23738
23998
24227
24449
24781
24995
25563
25853
26266
26748
27028
27327
27608
27817
27943
27901
28152
28276
28451
28863
29060
29340
29698
30252
30425
30849
31081
31209
31509
31661
31818
32070
32139
32560
32705
33122
33635
33902
34124
34399
34412
34581
34641
34807
34989
35227
35325
35608
35803
36113
36412
36814
36979
37272
37386
37776
37910
38149
38362
38505
38831
39012
39156
39345
39396
39728
39920
40178
40519
40556
40939
41246
41713
41975
42077
42491
42924
43407
43543
43754
44062
44118
44670
45087
45256
45481
45681
46133
46440
46685
46809
46845
46882
47117
47205
47386
47521
47982
48231
48742
49068
49310
49694
50015
50297
50637
50785
50952
51159
51330
51759
51954
52138
52324
52410
52652
53031
52978
53423
53656
53800
54298
54472
54835
55056
55268
55662
55835
56062
56312
56438
56610
56856
57320
57591
57931
58201
58426
58759
59144
59484
59819
60046
60208
60306
60398
60791
60977
61227
61591
61937
62204
62473
62844
63108
63118
63203
63327
63291
63414
63494
63662
63721
60132
54662
49083
43630
37941
32226
26685
21126
15803
13247
13562
14042
14343
14756
15265
15466
15828
15921
16312
16392
16620
16859
17212
17248
17397
17671
18015
17976
18314
18533
18796
18930
19242
19521
19823
20035
20562
20948
21202
21532
21684
21884
22160
22415
22666
22971
23016
23326
23590
23866
24337
24774
25013
25461
25479
25826
25880
26131
26518
26737
26754
26990
27232
27676
28026
28442
28662
28794
28894
29107
29324
29484
29609
29616
29916
29909
29968
30097
30426
30752
30957
31151
31562
31734
32094
32528
32914
33162
33417
33586
33996
34198
34445
34721
35007
35178
35500
35625
35833
35888
36202
36608
36883
37234
37410
37769
38044
38312
38659
38857
38871
39000
39219
39683
39940
40159
40387
40479
40929
41216
41373
41523
41604
41802
41959
42276
42561
42696
42710
42899
43416
43644
43884
44226
44298
44602
44813
45195
45573
45621
45967
46269
46459
46888
47151
47388
47462
47690
47952
48119
48362
48695
48893
49029
49212
49586
49888
50161
50303
50473
50583
50950
51505
51765
52046
52267
52613
53034
53166
53482
53546
53594
53856
54106
54408
54477
54701
55082
55542
55895
56205
56462
56888
57116
57496
57554
57879
58200
58541
58691
59157
59210
59519
59888
60179
60316
60663
60836
61165
61348
61657
61798
61865
62315
62588
62644
62783
63189
63486
63643
63845
64123
64362
64556
62266
56738
50946
45313
39695
34305
28781
23259
17655
13686
13981
14283
14504
14886
15063
15302
15679
15696
16021
16412
16713
17026
17121
17370
17608
17625
17974
18193
18471
18904
19026
19379
19783
19982
20209
20409
20726
20781
20838
21133
21505
21480
21857
22241
22547
22946
23204
23367
23760
23683
24124
24140
24306
24595
24811
25124
25517
25515
25980
26272
26443
26770
26897
26973
27087
27535
28000
28233
28363
28842
29076
29321
29593
30032
30155
30093
30354
30643
30725
31151
31655
32093
32110
32162
32690
32952
33284
33414
33753
33826
33960
34254
34588
34723
35053
35383
35620
35821
36014
36350
36472
36558
36782
37071
37190
37506
37691
37741
37861
38025
38343
38542
38657
38828
39082
39255
39757
40302
40739
41049
41362
41675
41974
42190
42691
42851
42909
43156
43491
43810
44056
44187
44381
44626
44719
44991
45035
45198
45358
45491
45774
46187
46444
46687
46928
47330
47806
48275
48669
48989
49190
49329
49533
49777
49834
49808
50092
50294
50585
50887
51210
51582
51978
52314
52737
52896
53156
53263
53454
53708
53863
53958
54339
54467
54679
55033
55286
55539
55863
56092
56340
56562
56898
57174
57429
57598
57830
58241
58443
58728
58871
59068
59372
59650
59776
60005
60223
60619
60947
61199
61618
61946
62069
62437
62635
63022
63033
63173
63393
63605
63673
64068
64203
64459
61525
55907
50271
44848
39367
33720
28024
22526
17017
13540
13958
14309
14334
14593
14785
15268
15644
15636
15908
16057
16386
