51191
51710
52632
53202
53684
54506
54766
55538
55778
56357
56985
57389
57909
58147
58728
58960
59494
59990
60293
60500
60774
61034
61300
61611
61849
61821
62065
62341
62396
62596
62606
62601
62601
62626
62613
62615
62636
62613
62388
62361
62086
62076
61826
61571
61559
61303
60856
60497
60300
60029
59757
59191
58928
58419
58143
57624
57093
56595
56081
55805
55052
54501
53952
53468
52936
51958
51452
50943
50172
49619
48879
48292
47512
46728
45963
45305
44634
43834
43311
42284
41761
40960
40151
39355
38616
37803
37007
36393
35842
35050
34525
33488
32953
32194
31134
30617
29829
29033
28250
27571
26947
26162
25354
24557
24034
23257
22465
21945
21429
20635
20107
19429
18652
18122
17618
17101
16533
16010
15522
14984
14456
13920
13686
13157
12892
12349
12104
11597
11323
11070
10786
10547
10263
10006
10008
9746
9505
9496
9229
9229
9239
9226
9233
9225
9226
9222
9241
9493
9498
9736
9749
10010
10100
10265
10545
10790
11326
11594
11843
12104
12631
12890
13418
13684
14216
14736
15256
15517
16030
16552
17364
17884
18412
18953
19580
20349
20898
21698
22213
22980
23528
24324
25095
25902
26429
27195
38345
27448
27378
26431
26925
31653
32426
32964
34030
34819
35336
35993
36525
37303
38263
38855
39671
40424
41213
42003
42798
43602
44119
44882
45660
46495
47184
47782
48542
49119
49862
50385
51190
51687
52236
53134
53661
54228
54716
55304
55767
56295
56822
57342
57865
58182
58704
58961
59495
59751
60275
60534
60791
61042
61296
61567
61829
61817
62115
62368
62355
62589
62637
62608
62597
62578
62595
62591
62612
62606
62608
62372
62332
62095
61825
61823
61571
61328
61033
60672
60272
60006
59756
59239
58981
58386
58136
57627
57098
56875
56339
55805
55271
54516
54206
53453
52908
52282
51456
50940
50149
49655
48846
48296
47515
46758
46226
45423
44818
44088
43310
42530
41750
40931
40166
39408
38858
37804
37299
36530
35759
35320
34558
33740
32955
32188
31397
30635
29811
29005
28514
27727
26921
26156
25371
24852
24041
23512
22747
21956
21429
20631
20116
19612
18789
18127
17614
17082
16553
16023
15522
14983
14460
13926
13693
13151
12904
12359
12102
11832
11325
11058
10794
10547
10289
10007
10017
9732
9499
9507
9217
9231
9240
9239
9230
9225
9226
9229
9228
9224
9510
9497
9748
10008
10007
10266
10544
10783
11067
11596
11830
12107
12604
12894
13417
13678
14201
14557
14979
15526
16026
16555
17081
17626
18395
18933
19597
20104
20895
21532
22203
22994
23524
24328
24828
25622
26442
26926
27699
28498
29288
29940
30851
31647
32195
32937
33732
34548
35326
35719
36519
37268
38102
38846
39663
40431
40913
42020
42532
43347
44118
44885
45661
46200
47005
47719
48327
49105
49595
50420
50962
51713
52245
52904
53668
54216
54749
55267
55775
56298
56848
57393
57740
58173
58689
58937
59493
59728
59972
60513
60791
61021
61285
61586
61856
61816
62117
62340
62352
62582
62626
62621
62619
62612
62581
62627
62591
62600
62628
62336
62360
62045
61831
61847
61564
61293
61025
60801
60354
59992
59757
59476
58946
58711
58140
57633
57397
56833
56293
55806
55277
54739
54225
53700
52914
52250
51714
50968
50403
49616
49138
48280
47617
47040
46206
45679
44878
44097
43329
42548
42031
40924
40421
39665
38868
38109
37308
36518
35704
35336
34527
33761
32955
32174
31651
30864
29839
29295
28506
27701
26938
26333
25628
24841
24317
23530
22999
22238
21420
20884
20122
19595
18920
18296
17603
17081
16564
16025
15524
14978
14471
14202
13694
13415
12897
12501
12108
11830
11588
11058
10794
10535
10269
10012
10012
9735
9502
9497
9222
9211
9226
9225
9233
9231
9227
9233
9220
9235
9499
9490
9740
10011
10007
10270
10537
10799
11065
11321
11835
12096
12357
12902
13164
13692
13926
14465
14997
15517
16041
16564
17088
17613
18130
18908
19578
20125
20630
21419
22032
22741
23522
24052
24821
25379
26159
26922
27716
26446
35720
31123
30110
31386
32179
32954
33764
34540
35338
35716
36504
37290
37819
38840
39525
40197
40965
41766
42574
43340
44123
44894
45434
46218
46752
47527
48324
48851
49656
50151
50938
51453
52240
52902
53441
54200
54497
55295
55777
56337
56843
57102
57657
58159
58459
58949
59251
59767
59981
60246
60707
61082
61351
61551
61842
61846
62116
62378
62362
62608
62628
62651
62608
62614
62651
62613
62627
62613
62637
62392
62370
62122
61880
61864
61584
61323
61052
60771
60545
60162
59750
59477
58940
58672
58141
57871
57374
56851
56357
55776
55309
54735
54230
53677
53139
52251
51704
51241
50412
49859
49114
48562
47761
47138
46482
45677
44913
44135
43566
42800
42004
41207
40451
39663
38830
38184
37272
36517
35990
35338
34801
34027
32939
32452
31671
30849
30097
29333
28504
27715
27189
26432
25838
25080
24308
23513
22981
22222
21695
20894
20362
19587
18942
18386
17800
17347
16557
16029
15512
15254
14746
14200
13677
13402
12892
12630
12094
11823
11569
11311
10787
10536
10274
10005
10016
9739
9739
9494
9367
9223
9236
9231
9232
9229
9226
9223
9228
9232
9500
9504
9727
10019
10017
10264
10543
10786
11062
11319
11596
12103
12369
12896
13171
13681
13935
14466
14991
15510
16009
16553
17087
17616
18130
18662
19529
20120
20640
21438
21970
22522
23274
24056
24571
25389
26171
26932
27673
28248
29039
29806
30640
31209
32186
32968
33485
34573
35058
35855
36240
37038
37823
38349
39130
40006
40707
41500
42306
43071
43585
44372
45171
45963
46734
47283
48061
48693
49369
50154
50693
51448
51995
52617
53424
53994
54479
54994
55577
56049
56580
57093
57383
57876
58437
58666
59203
59484
59957
60264
60501
60790
61050
61323
61595
61869
62107
62090
62361
62360
62624
62613
62595
62579
62604
62597
62594
62578
62600
62347
62368
62065
62057
61868
61600
61300
61038
60780
60512
60268
60005
59510
59209
58729
58420
57892
57397
57086
56598
56032
55541
55000
54483
53960
53159
52624
51988
51456
50681
49872
49332
48592
48047
47268
46612
45953
45126
44366
43567
43057
42255
41477
40692
39900
39125
38332
37667
36997
36000
35838
34814
34298
33472
32700
31905
31120
30351
29540
28843
28245
27461
26662
25903
25344
24554
23782
23264
22478
21955
21151
20408
19858
19309
18660
17890
17350
16833
16297
15792
15266
14729
14469
13930
13417
13163
12634
12373
11845
11600
11320
11070
10800
10544
10268
10014
9744
9743
9505
9513
9231
9217
9230
9234
9237
9227
9227
9239
9229
9494
9509
9745
9743
10020
10271
10545
10788
11067
11320
11594
11827
12368
12631
13166
13427
13936
14474
14732
15250
15790
16298
16826
17353
17877
18396
19340
19841
20341
21151
21695
22476
22993
23772
24573
25076
25878
26655
27453
36036
37280
24045
34010
31152
31673
32735
33474
34029
34803
35596
35971
36948
37541
38360
39148
39907
40715
41444
42282
42823
43605
44407
45153
45914
46465
47250
47801
48572
49373
49861
50717
51227
51964
52623
53166
53934
54496
55024
55532
56069
56445
57130
57367
57905
58394
58678
59184
59444
59997
60240
60510
60777
61038
61301
61557
61826
