39650
40122
43837
43842
40922
43036
41466
42013
44938
41228
43589
44918
44662
44622
43571
42523
42809
41767
44374
48088
42296
44363
47217
45155
47018
44424
48325
49890
46197
45695
46467
48564
46744
50409
49597
47283
50408
48736
50678
49119
53410
49895
53444
49619
48283
52673
51997
51418
54183
52228
53412
54492
50145
55012
51192
51999
51992
55254
55578
52883
55560
52655
55296
54722
59497
56299
58512
57631
59515
56317
56548
61020
56288
56601
55284
58663
55800
61868
60342
58705
57854
62870
62084
61864
62653
61882
59224
60759
63184
61560
60282
60529
62915
64996
60497
62866
61803
63410
65535
65535
63366
63661
64907
65215
10532
14979
13688
12095
12888
12907
13681
12121
15516
15515
15076
14991
16556
18929
14427
14455
16004
16818
16018
16292
15783
16283
14990
20885
20628
21929
20888
18663
17088
18113
20352
22987
21691
24038
22714
19300
23269
21943
18924
25051
21688
23253
22457
22451
21693
22711
24332
22968
23520
27187
22748
25550
27473
25091
26380
24555
26922
24820
25074
26683
24302
24841
28496
27136
28244
27460
27171
27977
26928
28514
26410
30627
32181
33763
31380
30729
30643
29809
33213
33464
31938
34828
34016
33227
31647
35988
35361
34032
30830
32446
32450
37546
36719
37786
32685
37270
35974
36237
39154
35326
39374
38107
39880
36525
35845
38624
39146
40707
38625
37556
41459
36776
36743
39632
37510
37536
41331
42544
41453
42274
44894
40431
41238
45716
41738
42275
41240
42286
41490
41210
43608
44950
42782
43589
42826
48057
43844
48328
47776
47774
47535
47532
49111
48022
47519
46728
47015
50971
50950
48571
46753
47500
48455
49342
49353
48605
50889
53731
50375
52857
49897
50944
50641
54460
49835
54748
52249
50394
56021
53922
56314
52284
52884
58120
51968
54753
58655
57629
57437
58173
57894
56046
54778
56856
57350
55559
59740
59185
56861
59739
61526
59464
59728
62567
57387
59719
60754
62909
63920
59980
61333
62349
64740
64153
60775
62290
61060
60317
61083
65535
63434
63142
61332
65535
65535
65535
65535
63790
65535
9507
10538
11606
13691
16284
13156
14464
15259
16826
12888
15783
12119
14984
14198
18384
13158
17898
18128
16553
14210
15245
17636
15627
16837
15255
21421
18928
22451
21440
20359
22995
20142
17077
20102
19868
19582
23518
21958
19314
22468
20101
22729
22993
23501
21721
26429
24845
22724
25354
27457
26666
25031
25354
24823
24816
25079
23778
24524
25627
30608
28489
26140
29551
30366
30110
26924
32181
31899
30846
30596
29563
27713
31127
28220
31399
29557
34540
33496
31908
33476
31113
35838
33234
35595
35867
32171
35582
34418
35075
32420
35570
37020
34543
35845
37289
37014
39367
36505
34276
36542
34840
39376
35324
35331
40447
37056
38607
40733
37791
40453
41769
37031
38592
41984
38579
41459
43554
38839
44651
38871
45182
44076
40415
43863
43886
44894
41727
45403
46176
45416
45946
41217
47255
43053
43541
45956
46486
49381
45968
43566
49006
45958
46201
45676
48832
47053
46739
48867
45959
51219
47251
51468
48706
48281
48039
47775
52880
49086
52933
49077
52268
52910
55017
54500
51940
50931
56602
54749
51957
54227
55550
56580
53686
55004
56866
53159
57811
59223
57883
54183
59203
58956
57090
54207
60846
61005
59996
57666
57902
56085
60797
61878
60763
58930
58394
59806
63401
59989
62373
63993
60055
62346
65226
65514
62603
60508
60502
61826
63925
61046
61036
61608
65535
62838
63652
65535
65535
65535
11827
11311
9736
16308
13678
11591
15511
16018
11590
13695
17090
16592
14442
13913
16534
16540
14971
13903
17621
16007
16820
14974
19586
18827
19832
20612
17354
19588
20128
17359
19323
22745
21143
17621
18939
22130
22742
22461
23770
21440
19574
25367
20092
21711
21161
20363
21692
24957
24062
27201
26430
25095
24324
24034
26910
28231
26659
23251
23776
26431
27693
25608
26139
25369
25933
29819
27175
27969
29814
31367
30072
32740
30323
27713
29003
30355
32124
32693
30339
29539
30340
29823
35312
33738
30877
31406
35695
35314
35889
36753
37531
32938
35953
35045
35893
38846
36251
35579
35316
38627
36088
38106
38364
35689
40194
40440
35724
41448
37319
40160
42294
37575
37973
41219
37278
40944
43024
44381
44084
44921
43033
41457
41979
43066
43823
41482
43327
42013
44366
44633
46479
44929
47001
45973
48576
43055
42822
43563
44659
45402
47027
46456
44101
44926
46747
49621
47239
46744
45937
50164
51723
47268
53159
51165
48563
48800
49906
52650
48541
50657
54224
54482
54258
51456
51748
53814
53174
54212
55531
53952
57138
54191
52010
55573
53716
56825
56838
56119
57927
53655
57372
57902
59210
55264
56325
61004
60264
58429
56841
60274
56321
59472
59765
57642
62871
61316
57376
58387
62387
60277
59986
61748
60030
60231
61336
64961
62862
61853
64146
65535
65025
64465
65535
63473
65535
65535
65535
64956
15513
15504
10001
14454
14729
13675
11567
13399
13158
16010
13417
16295
13707
16018
15782
13922
18127
17606
19828
20626
19845
20126
18118
18664
19273
21673
20868
18129
21958
21700
16830
21683
20120
22204
23511
18115
20783
20100
24041
19566
19839
20349
22204
26420
25636
20875
22988
22726
24903
21411
28009
26158
23248
27978
22724
27185
29283
29264
29015
28517
25799
27159
28720
27190
29003
31092
30830
28499
30095
26643
31406
30856
28704
30618
29251
29815
32723
31642
31920
32424
32943
33752
35316
32702
31896
35989
33493
31665
35993
35533
32168
32444
36005
34827
34787
35034
37821
35558
38356
38862
39903
38313
35600
40184
35589
38592
35579
38343
38054
39120
36502
39115
41995
40147
41455
43037
43829
43594
40688
44402
39877
41239
42277
40170
42805
44919
44091
44092
41771
45672
46231
43865
43371
48043
44947
42559
43301
48564
45428
44101
48324
49640
47529
45442
49925
44906
48337
51238
47788
46497
47528
49886
50662
47522
49333
48329
52273
52245
51718
48316
54776
53699
51438
49595
51968
52617
56090
55792
53444
53168
52266
55280
55583
56627
54721
56068
56807
54463
54380
57657
57685
59190
54729
57087
60782
59186
57860
60266
57386
55805
59760
57656
61609
61532
62062
60533
59502
57880
62643
59989
64446
60768
63490
64227
63442
62938
64234
60254
64211
65032
63953
65535
62918
63402
65080
65535
65535
64732
9494
14181
14215
13162
12891
11054
13686
13169
14982
13169
17627
17090
12633
18130
14733
13926
14977
14728
18109
19852
14208
16025
19326
16281
18145
18127
20094
22219
19581
20120
18671
23003
22223
19317
18127
24584
19842
21752
21959
22231
20618
23529
19836
24338
25624
25370
21149
25099
25606
24541
22714
22446
26163
23527
22722
23510
26934
27689
27709
29272
28234
25004
26404
25349
25620
28767
30089
30842
31915
32954
31118
31899
30355
30879
27979
30591
29820
30592
34536
35327
29543
30625
35332
35695
32165
34265
35559
32953
32193
33763
36997
34290
35870
32957
38612
37278
35348
35578
39101
37797
34519
37778
35289
37554
40146
36724
37305
40200
41442
37021
41207
40678
41495
39911
38330
38364
41724
42803
42004
43872
40702
39088
44624
43020
43308
44093
41666
46498
46192
40964
44646
42813
46210
45434
43566
48050
47004
43823
45294
46456
48589
48071
45145
50411
46744
47522
50697
49875
50403
50948
47279
49585
49096
49893
52013
47519
49341
53940
50970
49630
49124
53425
55038
55012
53706
54483
55023
52278
56046
54224
55045
51763
53476
55050
51737
58411
55794
58145
53475
58339
53951
59229
55540
59485
56605
59455
59471
55278
60831
61344
56324
61692
61912
62086
61066
63181
58708
60027
62377
61357
62636
64200
59759
63317
61565
63404
62936
65255
62089
65535
63647
65535
65236
62868
65535
63533
65535
65535
10535
11592
12624
12900
13915
13145
17077
14204
14717
16447
13932
16014
16024
17090
13919
15515
13414
17342
20346
15261
15238
17284
18390
18634
20627
16022
17887
20895
19859
21144
20872
18391
21683
20114
24318
24318
21412
22219
24344
22732
25358
23778
24559
23491
21169
24045
21415
26181
27188
25638
22938
23277
25877
26417
26634
26924
25377
28489
28514
28520
26143
28753
29098
29291
27459
30611
31634
29019
28751
31915
28495
27173
30597
33457
31259
33723
29008
30064
30600
29786
31637
32167
35575
32966
30343
35327
34694
35072
32419
32943
34766
34533
36506
36756
34561
33462
37798
36256
36326
35991
35329
35929
39915
37527
36994
35983
39127
39905
37841
40441
42550
38845
37810
37550
36993
41178
38844
41492
41455
42561
40421
43872
45158
39905
44615
42280
43333
41439
43071
41202
42271
45689
45678
45963
47769
47537
44125
46971
46477
47348
48600
49854
44668
47033
44634
48280
46198
49906
51161
50683
49916
47221
48317
50986
47037
50912
51444
48332
50144
54709
55002
49882
49863
55013
50979
54234
51467
50919
55806
56584
53158
55568
57115
56584
54800
56084
54732
58982
56049
57660
59690
59247
58916
58171
56322
59186
55246
57370
60240
56594
60245
59997
61558
59477
63135
63120
58917
62340
60765
59451
64714
60553
59249
59740
63830
65491
61566
62856
61042
65535
61045
63406
65535
63665
64407
65535
64985
65535
13396
14735
11593
11308
14197
13682
14448
14463
16299
16808
15137
12873
13152
15772
17341
18932
15516
17077
18391
18115
19825
19314
18760
19315
20103
20867
21418
21418
18117
17334
22728
18635
21403
21943
20253
21666
22469
22720
18390
21419
25607
20899
23243
19858
23248
23504
23260
24551
27438
22442
25625
25069
26900
28522
28462
26152
24549
28507
23792
25359
27179
26419
25616
