12329
14108
13689
12653
13906
13675
13675
12085
12300
10247
11044
12869
11309
11045
12079
10032
10251
13163
9985
11800
9719
11807
12595
11585
10263
11802
12834
13700
12891
12670
12875
13670
15247
16547
15518
13927
16825
17335
17877
17916
17070
16815
19563
19842
21935
20615
19325
21959
21690
22724
22209
22443
26155
26422
28449
28261
27702
30350
27717
29019
32713
30582
32169
31351
33964
34536
34798
37319
38061
38076
38068
39892
37821
40879
39368
41752
43837
43336
43609
46187
44638
46717
48569
46752
47437
48274
48327
51226
50376
52625
53455
55307
55509
55011
56795
55762
56859
57327
59417
56284
59747
60521
57879
58913
62313
59254
59445
60744
60754
63934
62589
60825
61537
62567
64435
63146
63895
64964
65535
63427
65012
65468
63617
65535
65502
63413
65535
65535
64481
63373
65246
64376
63675
62852
61794
62287
64399
62363
64120
61550
61834
62826
60520
62337
61801
59207
58662
59772
57816
56796
57913
56068
56017
55312
56020
55025
53134
55043
52622
50676
51961
51198
48297
50711
50076
48288
47245
46496
45442
46179
45629
43831
44340
43280
42538
40940
40436
37231
39145
35883
35325
35328
36762
35963
35308
32938
34009
31623
29524
29546
30836
29764
27434
26132
26628
25344
23493
22726
22708
24300
23250
23253
22223
22429
20352
19574
20359
17327
18096
18904
18100
16074
16554
16007
13897
13454
13430
15241
14177
13669
12608
11827
13080
12096
10232
10014
10513
12632
13394
9498
11067
9478
10983
11040
13132
10007
9715
10250
12357
9720
10758
13154
12631
13146
14436
12084
11811
11844
11775
13936
12605
12909
16289
13712
14460
14726
15773
17371
18359
19564
18632
19312
20848
22465
19330
20121
22223
21134
25086
22778
26953
25370
24824
26437
27427
26646
31392
30313
30611
32967
34347
33760
35312
35579
34520
35640
36231
36197
36747
37803
40431
41477
41491
42240
40910
41428
44631
45951
47017
47488
46183
49297
46735
47542
50663
50396
51202
50922
51498
52312
53692
56272
53428
56845
54978
55292
56305
57814
56352
58428
60276
61549
61318
59767
61880
60967
61847
62643
61573
63662
63947
63885
64702
62654
64705
63471
65215
65213
63638
62816
63948
65535
63971
65535
65453
65535
63658
63674
64467
62321
64173
65535
63935
62584
63911
64729
63139
62079
61831
61007
59454
61056
61028
58425
58397
60490
59459
60219
58981
55794
57120
54539
54940
56567
54179
53463
54190
53662
50928
49128
49337
50669
50395
46747
45970
46200
46448
44120
43055
43021
43856
43563
41677
40719
38049
38575
38623
35961
35867
36255
35957
35549
34277
33208
30882
33467
29812
30847
30793
28237
26629
26408
25355
27700
25085
24337
23493
22950
22199
21135
19841
20107
20874
20620
17080
16814
17053
17060
16536
18134
14440
14964
13922
14969
15209
13694
15255
15269
14724
13420
14176
11311
10791
13389
11110
12882
12393
9485
11809
10247
10533
9985
11300
11046
10252
10258
9217
9984
11791
11574
12618
10253
13671
12201
14695
12881
12080
14196
13421
14710
16269
14973
16015
14496
17612
15923
17081
18933
20115
21436
17868
18918
19842
19579
23261
21934
24543
23251
24790
25070
26647
28497
28708
27699
29027
28736
30323
32943
31367
32696
33742
35335
35060
36204
36217
37523
39589
40182
39911
39588
39617
39882
41742
41984
43860
45381
46994
46473
47533
49671
50159
49090
47740
49307
50917
51207
50640
54205
53601
55821
53414
54100
56047
56046
58148
57860
58372
57363
59693
60494
59252
61610
62665
61597
63106
63669
62113
61855
63367
62317
63749
63673
64899
64474
64479
64178
64964
64662
65519
64181
62857
64460
63100
62850
64455
65262
63935
65513
62828
64424
64187
62345
63649
62653
64725
62369
61245
63433
62618
60269
61527
59939
61040
58656
58130
59761
56297
57890
57367
56859
55781
56567
56269
54218
54756
51745
52268
48771
52242
49060
49871
47784
48062
48334
44099
43522
45433
44871
41432
40422
43242
41448
37802
39343
37288
39322
37019
35156
35569
33491
34533
34792
34303
31616
32142
32141
30071
28250
28719
26546
26929
24540
26131
23824
25085
24556
20879
23767
19834
22723
20344
18661
21159
18124
16303
17869
18389
14710
17078
13937
13688
14169
16297
15267
13914
11529
11292
14207
14192
12094
13405
12316
13409
11312
13154
12620
11523
9718
10555
11101
11568
10002
11049
10015
12610
11812
11573
9988
12111
12365
12360
12090
11252
12878
13405
14442
16003
14713
14961
14454
15457
15249
15750
15237
15492
19561
19823
20337
21684
21138
23003
20313
23264
21927
25086
23510
24929
24273
25868
27169
25657
29533
30614
28198
30610
32691
30310
32375
31889
35826
35555
35924
36482
36986
37533
38339
39857
38301
40749
39868
42262
43810
42305
45921
47236
44600
48508
49105
47235
49150
49817
49064
51154
53435
50650
51708
55530
54975
54168
56213
57126
56833
58378
57382
58678
58164
60454
60533
59198
62359
62351
60752
63415
61330
61012
61766
64524
63374
64111
64928
64666
64431
65535
63399
65171
64193
64705
63639
64162
65478
65467
64208
65535
63634
65188
63121
63199
62578
62088
65235
62043
64159
63632
60745
60272
60299
62349
59746
61833
60575
58984
57399
58398
59716
56589
58922
57874
56883
57376
56859
54721
54175
54221
51227
53467
49326
49105
50675
49349
47481
46459
46945
47519
45430
42784
44877
44067
42776
42519
39381
38604
39870
39646
36727
35990
37007
36720
36195
35568
33476
34797
33751
29500
29248
28408
28999
29213
27949
27694
26623
26128
23430
25342
23237
22702
21114
22720
22701
21970
18360
17797
17345
17285
15788
17332
15765
16272
16543
13679
13390
15262
15173
14711
13180
13143
13924
12091
13671
11300
10301
10767
13127
12088
9486
12627
11064
9495
9992
12842
12089
12867
12082
11588
12081
11825
12832
13139
13671
12333
12347
13147
12623
14205
12082
13902
12888
15972
15246
16271
14949
15490
16816
18120
18119
19584
17599
19309
20619
21384
21925
20636
22703
21685
24511
24001
27175
24305
25063
27951
29248
28754
28714
30351
31894
31081
33444
34810
34849
35035
35337
38076
36468
38844
36693
37552
40907
39112
40183
40435
40906
44897
44642
43566
45362
46730
45963
49635
48776
49590
48775
52911
51730
50119
51442
51962
54710
55730
56806
57333
56045
58962
58706
58647
59450
57406
57955
58955
58692
60245
59451
63067
61295
61037
61260
64136
64477
63668
62834
63167
64420
63878
64445
63620
65535
64417
64433
63143
64191
63413
64699
65147
64437
65535
65535
65207
64712
63638
63390
62571
62338
62338
62327
62837
63368
62092
62374
60542
61026
60495
59962
59719
58979
57643
57101
55015
57319
53940
53171
53618
54228
53412
51983
50173
50145
48835
50369
49894
46721
48323
46712
45386
44914
43838
44096
44360
44069
41964
38885
40441
38348
39915
39379
35312
35599
35685
33759
32947
34268
32683
31636
33438
32162
30890
28480
28238
26601
28222
26905
25616
24025
24554
22437
23802
20861
23230
19302
21691
19797
17586
19819
18919
18394
16546
18375
16810
14463
15791
14160
14977
15236
12895
14975
11785
13927
10535
11296
10514
11796
12347
10541
9503
12381
13162
11267
11295
10565
9993
9726
12349
11280
9506
11593
10244
12872
13656
13147
13910
13646
10775
13151
12842
11601
13144
12901
16259
13936
16008
17340
16023
17069
18381
19570
18137
20332
21386
18128
20093
21918
22464
24297
24296
25098
25829
24814
26149
26661
29274
27965
26909
27750
30035
29800
30833
33744
33694
32401
32658
35954
36201
36234
38061
36474
40653
38837
42300
42261
40638
42806
42958
42807
45703
46225
46480
46486
46718
49292
48782
52005
52008
51966
51123
54475
51713
52635
55531
54179
56520
55266
56823
58929
59965
59968
60815
59192
58151
62070
59742
62900
63397
60012
64199
60969
61851
63951
64120
64160
62071
65535
65196
65535
62653
65466
63665
62562
65535
64689
63948
64994
65535
62842
64399
62341
65535
62580
65177
61742
62840
61295
62333
63625
63931
62605
63390
62838
62299
60983
59202
60245
58398
60295
57679
58978
56325
57841
55767
56065
52883
52877
55267
50649
53445
51979
50391
49120
48040
49937
46416
45784
48039
45139
46174
43834
42292
42516
43002
41930
38864
38567
37016
37552
36459
35328
35961
36532
36283
35072
31881
32705
32427
31642
32169
30591
27170
26628
27679
25617
27686
23300
23240
25086
23759
22218
20369
21152
19850
19299
19867
20606
19850
15996
15773
15998
16535
17598
13916
14702
15236
15488
13153
13409
13142
13412
14191
14172
13420
12630
12623
10016
10258
11803
11290
11817
10777
13141
11303
11805
12599
10012
9490
11814
9466
10243
12606
13921
12019
11022
12064
12930
12080
12633
12339
12894
13641
17074
14448
16018
15794
16799
16818
16278
16519
20853
18676
19274
22446
22440
20622
22470
23244
24070
22985
25870
26644
26640
28033
27711
29030
29830
30310
29833
30343
33216
32930
35314
34005
35679
37050
35861
36715
37294
39875
39892
39634
42506
40689
41981
42793
45938
46208
44019
46152
46455
48538
47768
50121
49869
49777
51923
53944
51688
51960
52851
55028
55252
55538
58404
56582
58659
57860
58934
58113
58929
58389
61265
60509
60795
61327
62062
63380
63685
64155
63397
63908
65497
65187
65535
64724
63127
65257
65535
65535
65535
63155
65535
65535
64699
63663
64398
64985
64715
64489
63948
61865
62337
64215
63639
63412
61306
61027
63386
60825
60831
61823
59449
60285
61633
57896
58985
57677
58978
59021
56338
55040
54751
55752
53714
54999
51985
53974
51676
50906
49128
47500
47772
48519
48590
45138
45367
45949
44644
42009
43071
43857
41251
40917
38861
38343
38345
37516
35814
35031
35854
35322
35315
31908
31891
32684
32946
30071
31356
28737
26192
29291
26136
27702
24332
22995
24559
24838
22735
21672
22456
19827
19609
18394
17367
19291
16547
16549
17077
17076
17065
14983
16293
12625
13140
13916
12371
11292
11569
13733
13247
10545
10523
13902
11585
12366
10006
11061
9490
11555
10770
12908
12889
9217
9497
11572
10270
9685
12874
11071
13409
12337
11294
12619
12095
12331
14739
12631
15753
12907
15495
16286
14188
17046
16343
15505
17590
16817
