27086
25811
24412
23107
21865
20764
19989
19877
20081
20680
21634
22885
24491
26095
27697
29193
30219
30884
31148
31042
30510
29624
28545
27287
25909
24833
23990
23533
23390
23651
24318
25411
26778
28524
30314
32039
33579
34821
35852
36458
36721
36630
36189
35339
34393
33395
32390
31712
31243
31076
31197
31822
32826
34148
35642
37423
39145
40801
42240
43526
44351
44822
44760
44500
43778
42903
41924
40886
40122
39378
39043
39141
39662
40544
41652
43057
44767
46330
48001
49625
50885
51673
52172
52358
52035
51275
50372
49280
48047
46773
45916
45186
44799
44886
45305
46108
47290
48659
50295
51708
53173
54358
55275
55739
55850
55497
54699
53508
52284
50787
49458
48153
47267
46481
46174
46407
46873
47700
48878
49961
51199
52317
53526
54158
54468
54516
54014
53188
51995
50617
49089
47330
45865
44473
43366
42663
42252
42407
42933
43645
44659
45644
46713
47680
48454
48738
48647
48060
47263
46161
44663
42904
41095
39348
37971
36850
35902
35231
34941
35179
35843
36587
37649
38598
39390
40096
40600
40713
40379
39711
38764
37206
35623
33925
32140
30340
28978
27875
27160
26929
27112
27609
28441
29510
30806
31852
32835
33576
33880
33739
33152
32263
30937
29371
27826
26101
24410
22978
22075
21440
21229
21573
22255
23087
24259
25623
26965
28013
28919
29594
29894
29672
29199
28263
27130
25683
24319
22875
21588
20709
20110
19984
20316
21010
22029
23396
25032
26679
28038
29460
30430
31131
31346
31300
30808
29847
28755
27644
26339
25259
24391
23868
23597
23854
24612
25594
26986
28559
30341
31900
33385
34674
35660
36190
36552
36474
36084
35207
34250
33279
32370
31661
31157
31015
31164
31680
32743
34230
35907
37690
39407
41102
42584
43784
44641
45005
44862
44323
43660
42764
41778
40669
39656
38978
38733
38925
39528
40312
41456
43059
44704
46547
48253
49732
50880
51703
52310
52527
52177
51432
50444
49205
48079
46971
46005
45373
45011
45128
45724
46536
47806
49241
50806
52361
53824
54987
55754
56176
56243
55793
54801
53737
52338
50742
49308
48149
46952
46367
46015
46317
46913
47795
49033
50326
51568
52913
53827
54543
54862
54604
54117
53128
51917
50430
48786
47182
45657
44151
43178
42451
42179
42308
42658
43571
44647
45684
46862
47732
48437
48773
48673
48286
47257
45931
44385
42577
40818
39165
37595
36388
35482
35039
34885
35214
35909
36819
37822
38863
39763
40497
40849
40861
40578
39746
38576
37188
35515
33668
31837
30182
28915
27837
27203
27004
27157
27594
28523
29501
30672
31631
32605
33244
33464
33261
32784
31988
30949
29562
27950
26256
24702
23390
22402
21703
21352
21405
21799
22780
23989
25277
26534
27842
28819
29609
29890
29865
29296
28390
27221
26007
24466
23102
21831
20893
20202
20135
20314
20959
21995
23335
24717
26349
27753
29114
30067
30695
31054
30935
30483
29654
28512
27360
26196
25132
24438
23928
23727
23894
24578
25795
27204
28801
30384
32013
33473
34763
35790
36397
36623
36461
35882
35117
34144
33130
32167
31396
30854
30699
30926
31580
32648
33952
35669
37438
39208
40935
42375
43602
44483
45007
45082
44664
44013
43139
42045
40924
39985
39247
38758
38798
39175
39891
41007
42441
44015
45742
47510
49163
50408
51331
51976
52236
52133
51589
50651
49553
48258
47113
46233
45519
44977
44954
45397
46302
47392
48822
50368
51822
53269
54494
55243
55789
55898
55513
54687
53482
52156
50817
49400
48057
46956
46203
45874
45928
46486
47346
48463
49674
51154
52454
53410
54171
54709
54708
54317
53406
52217
50692
49047
47399
45803
44241
43196
42240
41920
42009
42553
43244
44293
45459
46678
47622
48363
48785
48710
48311
47521
46271
44685
42869
41157
39583
38022
36800
35785
35284
35174
35389
35998
36759
37617
38667
39575
40299
40679
40720
40408
39799
38770
37517
35814
34095
32375
30795
29403
28322
27525
27294
27338
27840
28547
29474
30517
31548
32375
33143
33437
33376
32925
32131
30994
29511
27904
26415
24775
23498
22326
21579
21273
21382
21951
22801
23826
25102
26239
27603
28767
29516
29814
29835
29443
28748
27636
26368
24815
23409
22034
21109
20459
20124
20187
20687
21615
22949
24205
25825
27296
28555
29667
30499
30861
30885
30525
29843
28755
27710
26591
25586
24574
23941
23735
23885
24513
25467
26784
28289
29900
31668
33314
34663
35609
36240
36545
36453
36163
35438
34565
33550
32650
31906
31434
31183
31352
31755
32708
33958
35477
37151
38908
40520
42120
43421
44405
44855
44899
44664
44064
43145
42266
41125
40066
39202
38747
38670
38958
39772
41042
42406
44059
45774
47623
49272
50582
51635
52194
52238
52000
51350
50386
49305
48000
46903
45790
45035
44606
44703
45087
46052
47164
48710
50232
51833
53215
54382
55309
55881
55995
55671
54778
53750
52389
51063
49673
48245
47306
46527
46170
46254
46700
47679
48717
49988
51269
52356
53428
54133
54509
54436
53852
52922
51753
50379
48734
47070
45515
44181
43156
42497
42217
42245
42741
43365
44425
45562
46669
47624
48363
48731
48713
48253
47458
46262
44801
43069
41296
39630
38142
36884
35788
35328
35130
35343
35857
36706
37616
38607
39414
40234
40592
40735
40397
39731
38682
37306
35678
34055
32367
30818
29418
28324
27734
27461
27566
28079
28770
29712
30735
31795
32738
33320
33573
33451
32830
32030
30957
29568
28079
26498
24883
23435
22333
21687
21396
21436
21877
22577
23565
24888
26267
27451
28369
29038
29348
29336
28929
28191
27082
25808
24433
23122
21854
20769
19970
19835
20025
20606
21528
22762
24373
25951
27570
29093
30146
30839
31148
31054
30570
29691
28630
27386
26020
24921
24043
23547
23387
23614
24294
25358
26727
28457
30256
32010
33538
34792
35857
36463
36727
36632
36189
35337
34393
33396
32390
31712
31247
31074
31152
31768
32753
34068
35536
37323
39024
40698
42155
43431
44318
44793
44783
44542
43826
42953
41982
40956
40184
39427
39039
39117
39628
40471
41554
42959
44644
46233
47898
49546
50808
51623
52156
52350
52029
51270
50366
49271
48036
46764
45906
45172
44788
44876
45296
46082
47230
48607
50230
51635
53110
54292
55238
55707
55870
55532
54752
53594
52356
50878
49555
48224
47314
46486
46161
46365
46796
47605
48772
49859
51104
52226
53420
54057
54402
54463
53956
53157
51958
50581
49054
47311
45848
44458
43352
42649
42238
42395
42924
43637
44650
45661
46714
47705
48488
48799
48695
48132
47345
46265
44782
43004
41216
39453
38042
36944
35963
35241
34953
35155
35791
36502
37579
38513
39319
40030
40561
40716
40407
39722
38808
37245
35648
33957
32161
30347
28966
27871
27157
26929
27112
27607
28438
29509
30803
31851
32831
33573
33892
33757
33196
32316
31009
29430
27906
26198
24491
23074
22128
21483
21233
21526
22207
23017
24159
25519
26876
27925
28866
29571
29896
29715
29251
28331
27216
25788
24415
22966
21660
20766
20158
20030
20336
21028
22035
23403
25039
26686
28044
29462
30431
31131
31345
31299
30813
29875
28784
27672
26362
25265
24406
23855
23589
23807
24515
25484
26889
28450
30229
31770
33310
34598
35613
36190
36535
36495
36110
35288
34298
33342
32422
31682
31163
31033
31162
31677
32709
34196
35867
37648
39399
41099
42580
43779
44636
45001
44857
44318
43654
42756
41769
40654
39630
38931
38664
38844
39451
40215
41340
42913
44565
46393
48131
49624
50790
51609
52251
52491
52200
51470
50498
49275
48134
47008
46012
45378
44985
45076
45642
46471
47717
49165
50716
52292
53771
54929
55727
56153
56216
55760
54765
53705
52312
50715
49282
48127
46931
46339
45970
46263
46869
47726
48960
50231
51478
52819
53760
54502
54852
54593
54150
53184
52021
50548
48910
47276
45749
44250
43259
42493
42188
42286
42613
43492
44591
45610
46781
47668
48370
48734
48646
48266
47271
45940
44394
42585
40826
39176
37606
36399
35488
35046
34893
35221
35882
36807
37793
38843
39732
40498
40846
40880
40604
39837
38672
37311
35656
33811
31958
30303
29004
27907
27223
27006
27133
27567
28467
29413
30594
31566
32564
33175
33431
33226
32757
31971
30952
29555
27939
26234
24703
23393
22403
21706
21355
21409
21800
22781
23990
25278
26506
27845
28804
29627
29907
29900
29355
28468
27294
26108
24567
23221
21909
20957
20222
20120
20287
20894
21904
23229
24613
26254
27660
29053
30022
30683
31055
30950
30513
29678
28557
27398
26232
25180
24465
23949
23734
23902
24584
25799
27207
28803
30387
32016
33480
34771
35801
36397
36635
36479
35927
35176
34205
33182
32221
31414
30868
30709
30895
31497
32530
33839
35551
37294
39062
40801
42264
43516
44419
44996
45065
44703
44053
43212
42129
40986
40044
39310
38798
38831
39185
39908
41027
42436
44010
45739
47508
49162
50405
51325
51969
52232
52133
51621
50671
49577
48280
47154
46265
45547
44992
44961
45376
46242
47321
48721
50273
51757
53193
54446
55223
55773
55926
55582
54778
53606
52255
50946
49505
48158
47054
46283
45930
45958
46489
47349
48474
49683
51155
52465
53422
54181
54716
54719
54329
53415
52227
50702
49056
47412
45799
44239
43196
42236
41898
41958
42489
43181
44211
45399
46591
47583
48322
48776
48732
48369
47574
46350
44810
43002
41280
39683
38126
36879
35830
35322
35145
35348
35949
36727
37588
38632
39545
40283
40676
40726
40426
39814
38783
37525
35824
34107
32386
30804
29411
28325
27509
27278
27303
27780
28500
29402
30439
31488
32311
33119
33439
33410
32985
32205
31101
29637
28010
26531
24900
23609
22434
21643
21303
21389
21911
22759
23757
25032
26190
27549
28724
29478
29817
29850
29455
28775
27656
26387
24833
23424
22049
21124
20472
20134
20199
20696
21624
22939
24178
25793
27271
28533
29652
30486
30870
30903
30580
29917
28864
27798
26667
25672
24650
23973
23738
23886
24454
25387
26697
28180
29780
31543
33208
34575
35529
36170
36477
36409
36119
35418
34552
33522
32640
31904
31434
31181
31348
31752
32710
33960
35483
37159
38913
40533
42113
43418
44405
44876
44947
44711
44117
43215
42334
41223
40143
39271
38778
38632
38935
39706
40937
42295
43933
45660
47484
49173
50532
51567
52170
52255
52031
51388
50418
49364
48049
46932
45820
45065
44611
44709
45096
46058
47169
48712
50234
51836
53221
54389
55312
55881
56012
55701
54809
53805
52463
51120
49751
48311
47371
46558
46177
46228
46647
47593
48643
49912
51168
52284
53363
54081
54494
54447
53902
52969
51842
50474
48844
47179
45601
44267
43209
42532
42237
42273
42750
43347
44421
45559
46668
47619
48361
48730
48715
48256
47461
46264
44817
43095
41305
39656
38162
36906
35794
35314
35128
35329
35805
36648
37524
38534
39354
40202
40583
40711
40429
39767
38768
37426
35797
34171
32468
30926
29507
28409
27799
27511
27590
28090
28787
29724
30727
31782
32738
33319
33571
33445
32826
32027
30952
29562
28076
26496
24896
23450
22318
21665
21372
21409
21840
22524
23505
24808
26168
27382
28315
29001
29325
29366
28954
28234
27159
25899
24541
23221
21957
20859
20000
19853
20021
20539
21479
22695
24313
25870
27519
29033
30112
30828
31150
31053
30569
29690
28629
27388
26023
24922
24047
23553
23397
23622
24291
25346
26691
28393
30188
31943
33460
34735
35791
36426
36731
36663
36241
35406
34448
33458
32452
31769
31278
31091
31120
31717
32658
33984
35412
37194
38903
40580
42056
43341
44250
44740
44751
44517
43814
42950
41980
40957
40184
39425
39040
39119
39631
40480
41564
42936
44638
46212
47864
49512
50780
51598
52141
52362
52067
51336
50440
49355
48131
46843
45974
45204
44795
44888
45265
46026
47158
48506
50112
51546
53009
54195
55168
55680
55864
55525
54753
53603
52362
50896
49573
48228
47303
46480
46153
46359
46791
47604
48772
49862
51108
52231
53438
54093
54443
54510
54040
53244
52072
50688
49189
47424
45951
44555
43438
42683
42260
42368
42872
43551
44570
45575
46636
47654
48443
48790
48708
48189
47439
46360
44896
43112
41323
39541
38105
37016
36000
35260
34956
35162
35801
36513
37590
38528
39332
40044
40579
40730
40424
39772
38861
37324
35718
34047
32270
30447
29046
27960
27210
26924
27089
27580
28361
29414
30713
31789
32755
33555
33887
33778
33268
32408
31106
29532
28010
26314
24606
23180
22206
21550
21276
21560
22231
23040
24163
25521
26882
27927
28866
29572
29897
29717
29255
28337
27223
25810
24430
22999
21669
20762
20153
20000
20294
20959
21946
23300
24938
26575
27960
29373
30381
31099
31341
31327
30878
29967
28881
27751
26466
25340
24470
23867
23623
23810
24501
25459
26881
28414
30212
31757
33315
34600
35617
36194
36542
36500
36116
35296
34309
33354
32431
31711
31180
31019
31147
31647
32642
34121
35768
37553
39266
40978
42493
43728
44609
45016
44904
44401
43717
42824
41867
40745
39722
38980
38683
38818
39421
40178
41271
42863
44516
46331
48093
49587
50795
51611
52260
52517
52229
51497
50521
49298
48156
47034
46034
45401
45007
45092
45636
46454
47671
49130
50664
52246
53703
54880
55679
56152
56214
55847
54840
53790
52413
50842
49379
48231
47006
46386
45969
46243
46843
47656
48877
50140
51406
52720
53675
54435
54791
54556
54116
53158
51996
50529
48904
47269
45741
44239
43247
42483
42178
42275
42605
43484
44569
45583
46778
47665
48355
48746
48688
48315
47343
46040
44499
42695
40943
39259
37708
36443
35529
35061
34882
35189
35810
36719
37718
38777
39661
40444
40820
40850
40605
39851
38694
37338
35688
33842
31981
30297
28997
27901
27218
26999
27129
27563
28466
29412
30594
31569
32567
33209
33458
33279
32839
32046
31038
29681
28073
26351
24801
23480
22454
21762
21366
21409
21761
22691
23916
25178
26410
27773
28755
29610
29888
29921
29401
28543
27374
26188
24650
23282
21975
21000
20261
20139
20287
20896
21905
23230
24611
26252
27661
29052
30021
30682
31053
30958
30545
29717
28596
27425
26263
25221
24474
23959
23734
23860
24514
25685
27087
28698
30255
31914
33364
34665
35730
36348
36619
36477
35953
35229
34287
33243
32280
31472
30907
30739
30915
31503
32524
33849
35554
37292
39060
40803
42265
43517
44424
45001
45070
44709
44059
43215
42119
40981
40028
39266
38763
38767
39103
39811
40922
42331
43877
45629
47384
49030
50333
51257
51930
52213
52144
51659
50728
49653
48374
47211
46291
45568
45001
44940
45338
46204
47266
48647
50210
51717
53160
54409
55217
55766
55919
55570
54766
53595
52244
50937
49498
48149
47020
46246
45886
45894
46403
47271
48367
49582
51028
52363
53360
54141
54695
54729
54377
53493
52315
50829
49177
47517
45902
44338
43257
42298
41900
41925
42410
43107
44131
45314
46505
47535
48257
48753
48712
48365
47570
46354
44814
43003
41281
39685
38127
36880
35829
35322
35147
35363
35952
36702
37551
38601
39521
40268
40685
40742
40443
39877
38870
37631
35934
34240
32504
30936
29506
28406
27557
27286
27306
27725
28454
29343
30362
31423
32246
33071
33417
33385
32967
32200
31106
29658
28009
26532
24898
23603
22424
21634
21295
21377
21898
22749
23744
25012
26154
27512
28688
29472
29835
29853
29480
28812
27720
26482
24919
23522
22137
21173
20526
20132
20158
20649
21554
22821
24065
25682
27163
28429
29569
30421
30860
30912
30607
29955
28915
27840
26704
25711
24684
23966
23731
23884
24454
25389
26698
28180
29784
31549
33211
34580
35569
36204
36519
36451
36178
35503
34632
33596
32732
31958
31432
31189
31307
31689
32604
33855
35360
37002
38790
40431
41984
43325
44352
44844
44958
44745
44160
43270
42378
41295
40205
39316
38820
38663
38959
