44734
45074
45332
45543
45671
45757
45819
45900
45984
46146
46341
46613
46905
47183
47414
47627
47749
47763
47701
47608
47442
47273
47168
47062
46988
46990
47053
47090
47129
47130
47059
46918
46720
46444
46097
45738
45334
44964
44619
44346
44104
43934
43755
43585
43360
43083
42755
42359
41881
41397
40880
40349
39838
39338
38925
38609
38330
38042
37807
37547
37218
36820
36391
35911
35388
34863
34356
33868
33398
33026
32744
32522
32354
32203
32058
31847
31596
31287
30938
30510
30119
29765
29446
29188
29008
28892
28832
28818
28875
28890
28857
28824
28725
28603
28462
28310
28164
28082
28066
28101
28208
28399
28691
28962
29213
29457
29677
29859
30019
30095
30168
30282
30426
30623
30895
31260
31673
32140
32645
33105
33513
33921
34278
34569
34821
35058
35286
35569
35903
36258
36708
37183
37765
38338
38886
39381
39842
40198
40507
40743
40951
41181
41454
41806
42155
42575
43017
43502
43965
44413
44820
45155
45409
45582
45743
45852
45965
46049
46159
46328
46535
46800
47075
47351
47627
47827
47927
47937
47878
47777
47634
47460
47274
47181
47128
47084
47088
47106
47119
47080
47014
46897
46649
46368
46009
45622
45214
44796
44474
44198
43943
43753
43572
43426
43237
43032
42718
42329
41855
41348
40780
40249
39709
39255
38873
38539
38254
37963
37710
37423
37108
36745
36326
35846
35306
34782
34210
33713
33268
32901
32608
32398
32218
32059
31908
31699
31434
31143
30754
30344
29942
29602
29283
29038
28843
28709
28720
28698
28718
28743
28743
28686
28599
28478
28333
28140
28015
27927
27916
27977
28121
28351
28629
28915
29202
29435
29655
29789
29871
29915
29973
30038
30170
30364
30674
31026
31438
31926
32407
32876
33297
33686
34039
34357
34606
34814
35055
35327
35655
36060
36555
37071
37591
38132
38663
39141
39586
39967
40276
40513
40756
40959
41237
41543
41900
42305
42788
43250
43748
44230
44600
44950
45204
45400
45537
45661
45748
45842
45964
46191
46402
46658
46948
47240
47465
47638
47737
47753
47698
47605
47448
47303
47163
47083
47042
47070
47114
47158
47145
47151
47127
46979
46735
46449
46100
45742
45342
44940
44611
44343
44105
43931
43757
43564
43344
43101
42815
42432
41974
41488
40971
40417
39915
39475
39053
38716
38419
38174
37916
37647
37347
36988
36530
36038
35517
34994
34457
33963
33532
33136
32847
32624
32461
32262
32100
31899
31633
31286
30933
30559
30164
29803
29470
29197
29007
28920
28893
28912
28924
28914
28889
28869
28811
28676
28514
28332
28220
28134
28130
28179
28312
28511
28745
29028
29296
29543
29765
29933
30054
30123
30187
30259
30403
30596
30829
31174
31563
32014
32480
32964
33419
33806
34172
34482
34703
34912
35187
35456
35796
36169
36637
37150
37696
38285
38828
39348
39761
40123
40423
40674
40895
41146
41407
41702
42059
42431
42883
43370
43873
44322
44725
45027
45290
45494
45639
45712
45794
45866
45997
46175
46369
46636
46890
47144
47366
47575
47703
47713
47679
47554
47409
47246
47133
47012
46940
46948
46954
46975
46991
47024
46978
46853
46654
46367
45982
45601
45198
44785
44459
44169
43902
43701
43519
43343
43134
42866
42565
42162
41700
41189
40665
40162
39670
39232
38838
38483
38170
37930
37657
37416
37136
36783
36331
35849
35342
34806
34279
33802
33363
32988
32705
32476
32292
32108
31979
31753
31504
31216
30891
30491
30119
29767
29433
29162
28957
28863
28787
28811
28838
28850
28862
28798
28747
28607
28445
28284
28161
28077
28061
28104
28214
28437
28668
28958
29247
29487
29706
29895
30005
30130
30183
30283
30425
30584
30830
31165
31560
31995
32477
32977
33449
33824
34195
34481
34711
34910
35181
35421
35726
36117
36577
37075
37645
38206
38739
39252
39670
40057
40360
40635
40874
41077
41308
41630
41939
42320
42781
43296
43773
44198
44604
44919
45162
45363
45472
45581
45646
45737
45874
46040
46259
46521
46820
47117
47362
47557
47678
47680
47631
47539
47374
47198
47093
46968
46902
46903
46944
46992
47031
47033
46982
46842
46639
46341
45993
45622
45222
44851
44494
44222
43981
43807
43634
43464
43234
42976
42648
42259
41789
41305
40792
40281
39771
39286
38877
38561
38311
38014
37778
37538
37198
36800
36394
35918
35395
34896
34394
33907
33455
33090
32808
32576
32382
32231
32063
31858
31608
31280
30932
30504
30113
29759
29439
29180
29000
28884
28822
28808
28865
28880
28848
28815
28718
28598
28456
28304
28158
28076
28061
28097
28204
28394
28685
28955
29205
29449
29668
29850
29989
30065
30121
30212
30355
30554
30830
31196
31628
32122
32627
33074
33491
33899
34244
34522
34773
35009
35236
35519
35863
36244
36695
37189
37777
38350
38883
39379
39840
40184
40505
40741
40964
41199
41473
41799
42142
42562
43005
43508
43971
44409
44815
45150
45413
45577
45739
45837
45938
46022
46146
46331
46538
46783
47070
47346
47603
47792
47893
47905
47855
47754
47613
47422
47257
47189
47155
47138
47163
47152
47159
47121
47026
46883
46635
46370
46001
45608
45230
44825
44504
44230
43977
43786
43596
43425
43235
43010
42692
42303
41843
41334
40766
40248
39697
39243
38846
38506
38221
37955
37708
37421
37106
36724
36305
35836
35298
34774
34193
33705
33261
32905
32622
32411
32219
32045
31893
31704
31427
31136
30764
30364
29962
29621
29293
29048
28851
28734
28745
28700
28714
28738
28718
28687
28601
28479
28343
28150
28026
27935
27926
27993
28119
28349
28626
28912
29198
29432
29651
29783
29866
29911
29969
30034
30166
30361
30670
31022
31433
31921
32402
32871
33291
33678
34032
34349
34596
34805
35048
35319
35648
36053
36549
37065
37597
38151
38685
39189
39621
40000
40288
40515
40757
40960
41239
41549
41926
42316
42798
43249
43751
44233
44581
44912
45167
45371
45519
45642
45741
45835
45958
46167
46389
46645
46927
47225
47449
47613
47693
47709
47657
47564
47409
47261
47137
47055
47014
47025
47069
47119
47115
47120
47089
46927
46684
46408
46041
45685
45263
44860
44532
44263
44027
43853
43683
43484
43263
43020
42710
42313
41855
41338
40833
40273
39792
39362
38962
38640
38340
38097
37822
37569
37260
36909
36448
35956
35459
34954
34417
33913
33472
33076
32774
32550
32386
32203
32029
31828
31570
31217
30864
30500
30124
29763
29428
29154
28964
28880
28835
28853
28866
28872
28848
28821
28756
28620
28465
28297
28184
28087
28101
28151
28308
28509
28743
29026
29292
29538
29758
29932
30054
30123
30199
30271
30415
30612
30847
31200
31589
32041
32487
32956
33411
33795
34157
34467
34696
34907
35181
35449
35789
36162
36630
37143
37688
38276
38821
39340
39754
40117
40418
40669
40891
41141
41403
41698
42055
42427
42877
43364
43867
44317
44721
45024
45288
45491
45633
45683
45765
45849
45968
46147
46347
46629
46883
47148
47387
47596
47715
47726
47691
47579
47417
47253
47128
47021
46949
46952
46951
46971
46993
47005
46959
46831
46639
46353
45987
45623
45220
44829
44510
44218
43957
43757
43575
43397
43182
42914
42584
42201
41740
41225
40677
40174
39679
39217
38823
38485
38192
37952
37696
37429
37150
36793
36333
35851
35344
34790
34263
33773
33348
32997
32691
32452
32279
32113
31977
31736
31495
31185
30840
30450
30073
29720
29378
29104
28915
28821
28757
28768
28795
28812
28830
28767
28710
28590
28428
28268
28139
28054
28019
28046
28156
28357
28582
28873
29158
29396
29615
29805
29924
30049
30130
30210
30350
30513
30784
31117
31515
31976
32458
32940
33392
33768
34122
34434
34665
34868
35146
35386
35691
36098
36559
37071
37631
38191
38747
39259
39677
40046
40351
40627
40857
41073
41305
41617
41941
42322
42791
43295
43773
44197
44604
44920
