42091
42341
42657
42958
43336
43558
43884
44059
44375
44652
44918
45187
45494
45806
46090
46425
46649
46926
47273
47521
47714
48039
48353
48624
48930
49109
49412
49630
49893
50061
50329
50628
50907
51223
51505
51795
52123
52381
52666
52880
53139
53361
53644
53919
54136
54387
54627
54904
55229
55494
55811
56069
56273
56654
56958
57241
57535
57783
58074
58299
58605
58854
59155
59481
59787
60052
60362
60577
60800
61024
61263
61539
61795
62021
62213
61558
59738
57851
56010
54089
52229
50377
48569
46821
45027
43205
41336
39532
37699
35847
34020
32161
30423
28595
26884
25082
23338
21491
19691
17892
16116
15942
16239
16590
16876
17208
17405
17760
18011
18312
18591
18819
19134
19343
19611
19888
20102
20480
20653
20956
21269
21503
21816
22203
22474
22747
23070
23324
23596
23876
24213
24482
24763
25029
25352
25624
25835
26141
26419
26684
26960
27177
27445
27684
27960
28145
28357
28554
28742
29006
29215
29486
29783
30074
30310
30539
30762
31046
31273
31523
31743
31978
32253
32495
32734
33035
33268
33506
33720
34076
34383
34756
35065
35364
35639
35850
36160
36378
36631
36855
37174
37446
37759
37985
38282
38454
38737
38993
39205
39482
39785
40009
40291
40581
40815
40971
41159
41461
41709
41979
42177
42402
42726
42951
43233
43467
43723
43964
44230
44504
44772
44992
45222
45478
45749
45995
46315
46610
46828
47055
47370
47705
47928
48089
48365
48585
49009
49305
49516
49815
50086
50433
50600
50851
51045
51345
51633
51900
52186
52454
52726
52983
53250
53559
53895
54177
54523
54798
55009
55344
55704
56005
56150
56485
56781
57081
57329
57569
57937
58284
58623
58836
59170
59436
59710
60004
60257
60494
60774
61091
61363
61547
61850
62116
62396
62171
60339
58485
56686
54855
53035
51176
49435
47615
45691
43886
42066
40219
38454
36660
34874
33003
31195
29450
27599
25751
23943
22157
20335
18503
16689
16125
16497
16780
17042
17358
17593
17835
18044
18328
18601
18873
19153
19394
19684
19902
20196
20531
20796
20949
21270
21509
21759
22039
22255
22562
22927
23114
23282
23611
23861
24091
24348
24551
24855
25118
25475
25764
26018
26313
26506
26732
26983
27223
27568
27811
28068
28370
28624
28943
29275
29529
29743
29983
30310
30591
30827
31131
31447
31719
32012
32263
32477
32745
33072
33259
33579
33869
34164
34320
34532
34868
35151
35425
35685
35838
36017
36184
36455
36661
36932
37142
37440
37661
37942
38231
38526
38764
39003
39325
39527
39795
40072
40342
40604
40971
41290
41478
41702
41977
42241
42560
42818
43109
43393
43694
43971
44246
44559
44803
45001
45291
45592
45948
46216
46464
46720
46914
47201
47427
47604
47923
48169
48459
48785
49078
49402
49708
50013
50305
50593
50917
51147
51409
51625
51922
52191
52383
52591
52883
53126
53357
53693
53916
54270
54566
54875
55123
55367
55606
55957
56169
56378
56643
56873
57208
57434
57696
57969
58317
58588
58852
59163
59476
59709
59945
60215
60533
60794
61028
61269
61562
61796
62021
62320
61696
59805
57974
56204
54441
52585
50736
48932
47176
45333
43468
41591
39799
37877
36132
34343
32508
30621
28814
27013
25200
23392
21530
19720
17946
16112
16037
16358
16598
16832
17125
17452
17701
17912
18253
18486
18743
19067
19297
19535
19703
20049
20305
20628
20938
21193
21559
21832
22051
22339
22681
23043
23258
23554
23943
24180
24474
24690
24965
25205
25457
25801
26070
26346
26677
26995
27282
27549
27855
28045
28335
28620
28877
29231
29596
29823
29972
30232
30459
30631
30864
31114
31297
31591
31838
32113
32379
32615
32897
33165
33370
33670
33903
34081
34249
34495
34726
34934
35127
35347
35632
35862
36178
36427
36702
36966
37340
37604
37963
38259
38524
38747
39042
39270
39555
39769
39980
40215
40487
40802
41135
41415
41697
41987
42288
42568
42826
43076
43360
43663
43980
44165
44360
44638
44831
45052
45346
45632
45920
46088
46318
46608
46861
47132
47461
47695
47969
48292
48590
48897
49107
49425
49641
49911
50155
50367
50675
50991
51275
51538
51846
52175
52443
52671
53028
53375
53740
54015
54326
54508
54778
55071
55294
55524
55842
56080
56377
56691
56969
57276
57555
57849
58026
58267
58585
58891
59155
59447
59688
59888
60109
60349
60603
60891
61071
61406
61624
61867
62158
62329
61693
59842
57986
56133
54217
52402
50593
48793
46977
45088
43253
41346
39487
37650
35803
34044
32306
30444
28636
26830
25068
23227
21468
19708
17974
16165
15987
16284
16520
16840
17179
17430
17646
17859
18210
18438
18778
19047
19346
19737
19973
20177
20471
20700
21014
21252
21492
21651
21852
22080
22360
22577
22941
23227
23526
23762
24093
24343
24633
24946
25190
25456
25670
25927
26152
26422
26706
27025
27294
27643
27833
28193
28483
28760
29117
29339
29599
29883
30159
30347
30630
30955
31228
31513
31780
31979
32272
32482
32724
33045
33342
33570
33836
34050
34279
34493
34735
34958
35281
35594
35834
36060
36296
36499
36751
36937
37170
37356
37596
37811
38041
38334
38610
38896
39118
39405
39674
39918
40181
40521
40826
41034
41273
41497
41833
42137
42419
42743
43058
43411
43683
43993
44198
44497
44736
45000
45256
45566
45930
46192
46510
46772
47021
47350
47614
47792
48159
48455
48730
49023
49225
49485
49704
49981
50137
50431
50684
50970
51258
51615
51892
52198
52446
52715
52939
53190
53422
53715
53945
54222
54447
54684
54978
55318
55549
55867
56124
56364
56724
57025
57309
57590
57850
58106
58388
58671
58950
59243
59570
59867
60163
60422
60631
60867
61070
61323
61637
61846
62068
62263
61194
59348
57490
55639
53733
51901
50025
48235
46466
44689
42841
40997
39200
37320
35483
33665
31817
30071
28275
26502
24754
22985
21114
19353
17579
15760
16001
16336
16646
16942
17281
17500
17837
18067
18369
18664
18917
19214
19412
19645
19950
20172
20518
20740
21053
21318
21568
21895
22264
22553
22788
23120
23345
23632
23919
24278
24545
24796
25101
25400
25674
25929
26175
26469
26705
27009
27214
27494
27759
28035
28201
28389
28572
28753
29060
29252
29535
29827
30138
30349
30591
30800
31098
31353
31570
31788
32026
32280
32545
32772
33069
33306
33552
33809
34160
34423
34846
35105
35431
35686
35937
36198
36447
36674
36913
37248
37529
37783
38055
38292
38538
38808
39019
39252
39523
39827
40067
40327
40631
40841
40990
41219
41498
41754
41983
42185
42447
42762
43003
43251
43510
43774
44004
44280
44555
44827
45042
45262
45554
45808
46065
46381
46656
46865
47123
47431
47744
47941
48167
48404
48667
49085
49373
49575
49903
50163
50486
50632
50914
51109
51431
51654
51949
52253
52528
52826
53088
53332
53599
53914
54256
54545
54835
55077
55417
55756
56038
56220
56556
56820
57122
57372
57643
57980
58352
58647
58920
59211
59499
59798
60051
60316
60520
60840
61149
61426
61620
61910
62192
62434
61821
59952
58130
56321
54523
52683
50838
49071
47263
45369
43526
41694
39890
38091
36299
34519
32643
30811
29099
27234
25367
23580
21772
19962
18165
16319
16183
16573
16829
17068
17415
17615
17881
18090
18397
18637
18915
19179
19440
19760
19973
20236
20583
20815
20997
21324
21562
21837
22062
22307
22657
22969
23160
23365
23664
23914
24107
24381
24648
24921
25152
25486
25810
26024
26351
26541
26771
27019
27291
27656
27859
28123
28398
28666
29023
29305
29592
29783
30066
30352
30617
30844
31191
31482
31766
32072
32304
32510
32764
33106
33297
33610
33910
34183
34346
34543
34920
35200
35453
35703
35864
36041
36252
36527
36684
36986
37174
37470
37717
38012
38293
38542
38821
39098
39347
39561
39886
40125
40404
40678
41041
41337
41545
41785
42003
42302
42649
42890
43168
43460
43722
44009
44277
44602
44785
45000
45319
45618
45933
46200
46505
46689
46934
47224
47396
47629
47910
48202
48494
48818
49084
49438
49730
50043
50303
50623
50917
51148
51418
51706
51979
52252
52456
52646
52932
53202
53455
53771
53989
54349
54626
54940
55214
55406
55686
55996
56237
56431
56655
56949
57253
57491
57719
58031
58356
58646
58859
59253
59520
59755
60012
60303
60595
60856
61052
61304
61610
61847
62062
62369
61295
59430
57630
55822
54076
52184
50393
48562
46791
44958
43090
41206
39412
37544
35788
33972
32122
30254
28462
26644
24818
23008
21173
19354
17572
15751
16126
16405
16631
16881
17178
17524
17734
17972
18305
18496
18809
19109
19330
19548
19742
20073
20379
20685
20981
21265
21621
21875
22102
22434
22758
23057
23289
23627
23976
24228
24507
24732
25041
25256
25537
25863
26090
26415
26708
27048
27302
27597
27894
28085
28374
28665
28941
29314
29616
29850
30037
30280
30517
30685
30877
31127
31334
31637
31889
32170
32400
32676
32956
33211
33430
33721
33922
34120
34315
34528
34767
34978
35148
35349
35653
35917
36249
36501
36733
37005
37373
37652
38003
38319
38531
38801
39072
39278
39573
39810
40032
40251
40518
40867
41175
41470
41722
42010
42324
42600
42866
43123
43414
43744
43997
44171
44430
44674
44858
45069
45428
45645
45955
46121
46321
46654
46921
47195
47498
47694
48023
48339
48611
48957
49144
49448
49699
49961
50161
50428
50748
51059
51292
51620
51909
52220
52476
52736
53092
53469
53783
54071
54380
54565
54832
55122
55313
55576
55892
56161
56428
56709
57030
57294
57635
57883
58047
58313
58639
58939
59192
59453
59713
59909
60173
60387
60612
60897
61150
61440
61678
61931
62188
62354
61293
59441
57623
55737
53830
52016
50239
48410
46621
44743
42891
40986
39111
37274
35451
33706
31918
30103
28258
26500
24688
22894
21118
19361
17595
15818
15994
16309
16559
16914
17200
17452
17680
17943
18236
18488
18844
19104
19410
19821
20018
20224
20499
20740
21077
21287
21549
21660
21855
22122
22415
22653
22983
23300
23579
23844
24133
24377
24716
24993
25242
25463
25736
25948
26189
26462
26747
27014
27367
27669
27887
28253
28515
28825
29135
29396
29660
29914
30159
30373
30669
30994
31307
31564
31792
32006
32311
32503
32796
33135
33429
33644
33872
34088
34310
34545
34759
34998
35329
35606
35863
36137
36354
36552
36813
36974
37219
37420
37634
37867
38104
38380
38664
38946
39197
39486
39756
39936
40230
40590
40838
41055
41334
41556
41888
42230
42481
42786
43148
43424
43693
43994
44241
44524
44778
45031
45284
45588
45957
46202
46510
46798
47025
47336
47605
47799
48160
48445
48747
48982
49197
49481
49682
49948
50173
50447
50707
50999
51292
51616
51908
52233
52518
52739
53005
53223
53497
53747
54005
54272
54478
54724
55003
55350
55621
55885
56128
56450
56751
57049
57356
57637
57875
58136
58437
58723
58974
59316
59615
59900
60238
60456
60650
60869
61121
61389
61669
61900
62117
62294
60840
59003
57133
55241
53336
51525
49650
47883
46069
44304
42472
40645
38802
36956
35082
33279
31425
29681
27923
26162
24395
22612
20725
18970
17230
15767
16065
16395
16722
16988
17288
17565
17884
18132
18386
18713
18991
19258
19426
19662
19973
20232
20531
20808
21105
21385
21609
21964
22273
22595
22880
23171
23421
23673
23994
24291
24560
24831
25137
25436
25704
25982
26217
26541
26755
27044
27305
27561
27818
28066
28220
28432
28613
28809
29074
29270
29588
29855
30162
30380
30629
30870
31115
31357
31586
31825
32079
32324
32587
32845
33122
33345
33576
33871
34200
34496
34875
35147
35470
35742
35982
36208
36498
36712
36981
37309
37618
37854
38074
38319
38611
38862
39063
39305
39605
39869
40107
40396
40693
40873
41018
41249
41544
41815
42068
42252
42521
42822
43042
43313
43536
43815
44041
44348
44590
44849
45072
45308
45602
45858
46128
46474
46720
46921
47185
47460
47777
47974
48238
48426
48733
49142
49414
49620
49936
50225
50507
50672
50922
51136
51446
51695
52001
52287
52570
52867
53126
53370
53680
53993
54316
54576
54859
55136
55475
55814
56067
56262
56595
56903
57201
57392
57704
58058
58386
58694
58975
59248
59511
59851
60088
60359
60568
60879
61205
61447
61664
61949
62249
62471
61472
59588
57787
55910
54116
52311
50465
48695
46854
44975
43170
41311
39526
37726
35934
34149
32262
30477
28724
26854
24985
23226
21392
19594
17774
15931
16256
16632
16837
17148
17419
17644
17894
18139
18429
18697
18958
