37223
36409
35593
34778
33965
33153
32350
31554
30763
29985
29215
28455
27710
26980
26263
25563
24881
24221
23582
22966
22373
21804
21257
20738
20246
19781
19343
18935
18557
18213
17897
17619
17370
17153
16968
16813
16691
16602
16548
16528
16543
16588
16668
16783
16930
17109
17318
17558
17830
18136
18470
18838
19238
19665
20122
20606
21119
21656
22219
22806
23417
24051
24707
25381
26073
26785
27513
28255
29009
29776
30553
31340
32136
32934
33742
34554
35369
36182
36998
37810
38621
39425
40221
41008
41787
42558
43318
44064
44796
45514
46214
46896
47556
48197
48816
49412
49982
50527
51050
51543
52010
52448
52855
53237
53586
53903
54188
54440
54660
54849
55011
55141
55232
55293
55318
55310
55266
55191
55079
54936
54757
54550
54316
54045
53741
53404
53037
52637
52211
51753
51267
50755
50218
49657
49070
48459
47825
47175
46500
45806
45094
44367
43623
42869
42102
41324
40536
39741
38940
38133
37322
36506
35691
34875
34063
33253
32449
31652
30861
30078
29308
28548
27797
27063
26344
25643
24959
24294
23650
23030
22432
21860
21313
20791
20293
19824
19385
18974
18595
18246
17929
17645
17391
17169
16983
16824
16695
16604
16612
16534
16454
16500
16578
16694
16841
17018
17227
17466
17739
18042
18378
18744
19143
19571
20028
20513
21028
21565
22126
22715
23327
23962
24614
25288
25981
26693
27420
28164
28919
29685
30464
31251
32046
32848
33655
34466
35282
36097
36913
37724
38536
39340
40137
40928
41710
42480
43240
43990
44724
45442
46142
46825
47487
48128
48748
49342
49914
50461
50982
51478
51945
52384
52726
53162
53600
53917
54202
54453
54672
54863
55020
55148
55238
55298
55321
55311
55266
55189
55075
54928
54747
54538
54298
54026
53722
53384
53017
52617
52188
51731
51245
50730
50193
49630
49042
48430
47795
47142
46467
45775
45063
44336
43593
42839
42072
41293
40505
39710
38909
38101
37287
36470
35654
34838
34027
33216
32412
31614
30823
30042
29272
28512
27765
27032
26314
25613
24931
24267
23628
23007
22415
21843
21296
20777
20283
19816
19378
18969
18590
18243
17925
17640
17389
17170
16983
16828
16704
16613
16555
16533
16544
16589
16670
16784
16929
17109
17320
17561
17834
18138
18476
18844
19243
19672
20128
20614
21128
21666
22228
22816
23429
24063
24720
25397
26092
26803
27531
28274
29029
29796
30575
31363
32158
32958
33766
34579
35393
36209
37025
37837
38648
39452
40248
41040
41818
42589
43351
44094
44825
45543
46241
46923
47585
48223
48845
49438
50009
50557
51077
51568
52033
52471
52879
53259
53607
53924
54206
54457
54678
54867
55021
55145
55235
55293
55314
55301
55256
55176
55062
54914
54735
54522
54282
54010
53704
53366
52993
52591
52163
51706
51221
50707
50168
49605
49016
48403
47770
47115
46437
45743
45032
44303
43560
42805
42036
41257
40468
39673
38871
38064
37249
36436
35622
34806
33995
33184
32381
31585
30794
30014
29242
28481
27736
27004
26287
25587
24905
24242
23603
22982
22390
21820
21273
20753
20261
19796
19358
18950
18573
18226
17910
17628
17378
17161
16973
16819
16697
16606
16603
16591
16665
16710
16792
16907
17054
17235
17446
17688
17962
18269
18607
18978
19380
19809
20266
20752
21267
21805
22371
22960
23574
24209
24865
25541
26237
26948
27676
28420
29175
29945
30725
31512
32308
33113
33921
34735
35549
36365
37181
37993
38805
39607
40404
41195
41974
42745
43506
44250
44979
45697
46397
47079
47739
48378
48994
49586
50156
50700
51218
51709
52173
52610
52963
53332
53619
53935
54216
54466
54684
54870
55026
55148
55237
55291
55312
55298
55252
55170
55055
54907
54725
54515
54271
53996
53689
53349
52978
52576
52146
51689
51203
50688
50149
49581
48992
48378
47744
47085
46408
45710
44999
44271
43526
42771
42001
41223
40435
39639
38836
38028
37214
36400
35586
34771
33960
33149
32346
31550
30762
29985
29214
28455
27712
26983
26266
25567
24885
24225
23585
22968
22375
21806
21260
20741
20249
19785
19349
18941
18564
18219
17903
17623
17373
17156
16971
16814
16692
16604
16549
16529
16543
16589
16670
16785
16934
17114
17325
17566
17839
18144
18480
18849
19251
19682
20138
20625
21139
21676
22242
22829
23440
24074
24729
25404
26099
26810
27541
28285
29040
29806
30586
31373
32169
32970
33777
34588
35401
36215
37031
37843
38655
39458
40254
41043
41822
42592
43352
44098
44830
45547
46246
46930
47590
48230
48850
49444
50014
50558
51080
51574
52039
52477
52885
53263
53608
53926
54208
54460
54678
54865
55022
55149
55239
55299
55322
55311
55266
55189
55074
54926
54745
54537
54297
54025
53721
53385
53019
52619
52190
51733
51244
50730
50191
49629
49040
48429
47795
47141
46467
45775
45064
44335
43591
42837
42070
41291
40503
39708
38906
38099
37287
36472
35655
34840
34028
33216
32413
31616
30824
30043
29273
28513
27765
27031
26314
25613
24931
24269
23628
23007
22412
21841
21294
20773
20278
19810
19371
18961
18582
18235
17917
17632
17380
17162
16976
16819
16691
16601
16609
16531
16451
16497
16575
16689
16837
17014
17223
17462
17734
18038
18374
18741
19140
19569
20026
20512
21026
21563
22124
22710
23322
23956
24610
25285
25978
26689
27416
28160
28913
29681
30460
31247
32043
32844
33651
34465
35280
36095
36912
37723
38534
39337
40134
40925
41706
42478
43238
43984
44718
45436
46138
46820
47483
48121
48743
49335
49906
50452
50970
51464
51931
52366
52709
53143
53582
53899
54183
54433
54652
54842
54999
55125
55215
55272
55294
55284
55239
55158
55043
54895
54716
54508
54266
53996
53692
53352
52983
52584
52155
51699
51214
50699
50161
49597
49009
48396
47762
47106
46429
45734
45022
44295
43550
42796
42027
41248
40462
39667
38865
38056
37243
36429
35613
34796
33984
33173
32369
31574
30782
30003
29232
28472
27728
26997
26280
25582
24899
24237
23599
22978
22386
21814
21268
20749
20256
19790
19354
18947
18568
18220
17903
17621
17371
17152
16965
16810
16686
16596
16538
16518
16530
16575
16655
16769
16918
17097
17308
17549
17822
18127
18465
18837
19238
19668
20126
20611
21126
21665
22229
22817
23430
24064
24720
25397
26091
26802
27530
28275
29029
29798
30577
31364
32159
32963
33770
34585
35398
36214
37029
37840
38651
39454
40249
41040
41820
42592
43352
44097
44831
45549
46247
46929
47592
48230
48849
49442
50011
50559
51077
51569
52034
52471
52880
53257
53605
53920
54202
54453
54669
54856
55013
55137
55227
55285
55305
55291
55246
55163
55048
54901
54721
54510
54268
53994
53687
53348
52977
52576
52148
51691
51205
50691
50152
49586
48999
48386
47753
47095
46420
45723
45012
44284
43540
42786
42016
41237
40450
39654
38851
38044
37230
36416
35599
34783
33972
33161
32357
31561
30772
29992
29222
28462
27719
26988
26271
25572
24889
24229
23591
22974
22382
21811
21266
20748
20255
19790
19352
18944
18566
18221
17907
17626
17375
17158
16972
16815
16693
16605
16604
16592
16665
16710
16792
16907
17054
17236
17446
17690
17964
18271
18609
18980
19382
19811
20269
20754
21269
21808
22377
22966
23579
24214
24872
25548
26245
26958
27686
28430
29185
29957
30736
31523
32319
33122
33929
34744
35556
36371
37187
37998
38810
39613
40408
41198
41977
42749
43510
44254
44985
45702
46402
47085
47746
48383
49000
49592
50162
50708
51226
51719
52184
52620
52974
53342
53629
53945
54225
54475
54691
54876
55033
55156
55245
55300
55321
55303
55256
55174
55058
54909
54727
54516
54270
53995
53685
53345
52973
52569
52136
51678
51190
50674
50135
49567
48975
48364
47728
47068
46392
45693
44980
44251
43507
42751
41980
41201
40414
39619
38816
38007
37193
36379
35565
34749
33938
33125
32323
31528
30739
29960
29188
28427
27683
26953
26238
25539
24857
24197
23558
22943
22351
21781
21238
20719
20227
19761
19326
18919
18541
18199
17886
17605
17358
17145
16961
16805
16683
16594
16541
16521
16538
16587
16671
16785
16938
17118
17329
17571
17846
18150
18489
18860
19262
19692
20150
20636
21150
21689
22254
22842
23454
24088
24745
25418
26113
26825
27553
28297
29051
29817
30596
31384
32178
32980
33790
34601
35415
36229
37042
37853
38662
39466
40261
41048
41826
42598
43358
44104
44837
45555
46252
46935
47595
48236
48856
49451
50018
50562
51081
51575
52041
52480
52888
53268
53611
53927
54209
54461
54679
54866
55023
55149
55239
55300
55323
55313
55269
55192
55078
54931
54751
54542
54302
54029
53726
53388
53020
52620
52192
51735
51248
50734
50196
49635
49046
48435
47802
47145
46469
45774
45062
44336
43592
42838
42071
41292
40505
39709
38909
38100
37286
36470
35654
34838
34026
33214
32411
31613
30821
30040
29270
28509
27763
27029
26311
25610
24928
24265
23626
23004
22412
21840
21292
20774
20280
19813
19375
18964
18584
18237
17918
17634
17384
17165
16979
16823
16699
16609
16606
16475
16395
16441
16520
16634
16783
16962
17171
17412
17685
17987
18326
18697
19099
19528
19985
20470
20985
21524
22086
22675
23288
23922
24577
25254
25948
26660
27387
28131
28885
29654
30435
31222
32018
32820
33628
34442
35255
36071
36887
37699
38510
