36158
36901
37641
38384
39119
39894
40665
41438
42202
42969
43728
44476
45221
45958
46685
47400
48112
48806
49490
50169
50834
51497
52137
52759
53372
53964
54550
55113
55650
56168
56664
57151
57615
58068
58498
58898
59283
59654
60004
60332
60643
60926
61175
61417
61633
61839
62011
62154
62269
62358
62430
62486
62519
62549
62527
62499
62445
62377
62292
62179
62043
61876
61670
61456
61215
60964
60681
60378
60048
59701
59333
58947
58549
58126
57679
57214
56730
56242
55729
55196
54639
54056
53468
52851
52226
51589
50929
50258
49579
48895
48201
47493
46785
46068
45342
44607
43867
43112
42353
41602
40831
40055
39275
38530
37781
37040
36293
35552
34801
34059
33317
32579
31812
31040
30270
29514
28757
28007
27267
26530
25800
25083
24381
23674
22979
22294
21613
20945
20285
19643
19018
18396
17804
17219
16657
16116
15596
15105
14622
14161
13712
13284
12883
12501
12132
11784
11454
11140
10854
10602
10359
10143
9934
9760
9616
9500
9411
9339
9283
9252
9222
9249
9278
9335
9405
9490
9603
9743
9908
10113
10328
10570
10819
11102
11407
11738
12081
12447
12833
13230
13653
14095
14556
15037
15525
16039
16577
17138
17717
18307
18927
19556
20192
20851
21526
22214
22902
23603
24313
25024
25743
26479
27220
27960
28710
29465
30221
30992
31761
32529
33267
34009
34745
35488
36223
36965
37703
38446
39183
39957
40726
41497
42253
43013
43767
44506
45241
45970
46688
47395
48101
48796
49483
50166
50835
51498
52138
52763
53382
53975
54559
55124
55664
56186
56679
57166
57638
58089
58517
58919
59309
59672
60017
60352
60661
60942
61187
61432
61647
61850
62019
62158
62270
62362
62434
62488
62518
62549
62525
62499
62448
62378
62289
62178
62040
61873
61668
61452
61209
60960
60679
60376
60042
59695
59331
58943
58544
58115
57668
57203
56714
56221
55702
55165
54597
54012
53422
52801
52173
51530
50872
50202
49521
48838
48142
47437
46733
46015
45287
44556
43816
43062
42303
41547
40778
40010
39235
38495
37751
37014
36274
35541
34797
34061
33319
32581
31816
31045
30274
29514
28755
28004
27264
26522
25787
25067
24358
23646
22944
22260
21573
20897
20236
19597
18972
18353
17764
17182
16618
16078
15560
15071
14587
14126
13678
13251
12853
12469
12103
11760
11430
11122
10838
10591
10349
10135
9929
9759
9615
9499
9412
9339
9282
9251
9222
9249
9280
9337
9408
9495
9608
9749
9919
10126
10341
10582
10833
11121
11429
11760
12107
12476
12859
13256
13681
14126
14587
15072
15562
16080
16619
17182
17767
18361
18982
19607
20246
20905
21575
22252
22933
23627
24332
25576
26330
27068
27929
28835
29586
30340
31094
31863
32026
32924
33635
34041
34741
35491
36238
36988
37728
38476
39224
40004
40776
41546
42302
43058
43810
44556
45294
46022
46741
47449
48156
48851
49534
50211
50880
51542
52180
52806
53425
54015
54599
55160
55702
56220
56708
57192
57654
58102
58527
58929
59315
59679
60026
60353
60665
60947
61192
61436
61651
61852
62025
62168
62281
62365
62441
62499
62531
62560
62538
62510
62450
62380
62299
62186
62044
61872
61665
61447
61201
60951
60667
60358
60026
59673
59306
58920
58520
58093
57648
57187
56701
56209
55694
55161
54604
54024
53432
52814
52184
51545
50886
50217
49535
48849
48149
47435
46724
46006
45273
44526
43781
43026
42261
41498
40728
39961
39184
38445
37703
36967
36224
35488
34749
34011
33269
32530
31761
30993
30226
29470
28712
27959
27221
26486
25758
25041
24339
23632
22935
22255
21576
20903
20243
19605
18977
18357
17766
17180
16617
16077
15561
15069
14583
14119
13669
13242
12842
12455
12087
11740
11408
11104
10821
10573
10332
10119
9916
9748
9607
9493
9407
9335
9278
9248
9221
9248
9280
9336
9408
9496
9610
9752
9923
10128
10344
10588
10839
11122
11431
11763
12112
12479
12864
13263
13688
14132
14593
15076
15569
16088
16634
17203
17790
18388
19011
19640
20285
20948
21617
22295
22974
23670
24377
25081
25801
26529
27267
28006
28759
29513
30268
31040
31810
32573
33291
34014
34734
35457
36177
36903
37620
38341
39063
39838
40605
41373
42135
42890
43642
44390
45128
45853
46576
47285
47997
48697
49390
50080
50755
51423
52072
52708
53331
53928
54516
55082
55618
56133
56630
57115
57581
58034
58462
58867
59250
59614
59963
60298
60616
60897
61148
61393
61608
61818
61998
62144
62260
62349
62425
62484
62517
62543
62523
62495
62442
62374
62288
62179
62042
61880
61684
61467
61227
60980
60699
60395
60067
59725
59356
58966
58568
58148
57699
57237
56758
56267
55752
55217
54663
54082
53495
52881
52251
51615
50960
50294
49614
48929
48236
47526
46821
46108
45381
44645
43906
43155
42401
41651
40886
40119
39346
38598
37858
37125
36375
35641
34899
34151
33403
32662
31893
31119
30343
29577
28818
28062
27316
26575
25849
25130
24424
23717
23023
22338
21657
20990
20328
19686
19057
18435
17841
17259
16689
16146
15629
15132
14649
14188
13738
13307
12901
12521
12152
11802
11471
11157
10873
10617
10376
10163
9954
9778
9632
9513
9422
9345
9288
9252
9221
9242
9272
9328
9397
9481
9593
9733
9899
10101
10315
10552
10800
11081
11383
11712
12052
12416
12799
13197
13618
14059
14517
14997
15486
15998
16534
17095
17673
18263
18881
19511
20145
20800
21471
22152
22829
23519
24227
25530
26113
26869
27851
28701
29460
30223
30983
31755
31956
32706
33708
33929
34679
35425
36159
36897
37637
38379
39114
39888
40661
41432
42187
42941
43692
44440
45180
45904
46625
47333
48037
48731
49423
50106
50772
51434
52078
52707
53323
53922
54513
55082
55620
56138
56638
57120
57581
58034
58459
58865
59250
59626
59981
60313
60632
60921
61174
61419
61633
61840
62010
62149
62264
62354
62427
62484
62517
62547
62522
62493
62436
62369
62285
62172
62034
61869
61668
61452
61215
60967
60687
60381
60054
59714
59349
58964
58567
58144
57701
57239
56758
56266
55755
55220
54664
54081
53487
52870
52241
51599
50935
50262
49576
48886
48191
47487
46779
46060
45332
44599
43860
43107
42348
41593
40826
40056
39279
38534
37795
37063
36314
35578
34839
34100
33361
32627
31863
31091
30322
29567
28811
28061
27319
26578
25851
25131
24425
23716
23020
22336
21660
20992
20325
19679
19049
18425
17826
17240
16671
16121
15599
15106
14621
14161
13713
13286
12884
12500
12131
11784
11454
11141
10856
10604
10360
10146
9937
9763
9619
9502
9413
9340
9284
9251
9222
9246
9275
9329
9399
9485
9597
9737
9901
10101
10314
10553
10801
11082
11386
11718
12063
12429
12819
13220
13644
14091
14556
15035
15525
16038
16576
17135
17716
18307
18926
19554
20191
20849
21518
22194
22874
23569
24273
24978
25693
26423
27158
27896
28652
29408
30161
30929
31698
32469
33203
33944
34678
35422
36159
36899
37636
38377
39112
39888
40659
41432
42196
42962
43720
44468
45217
45951
46674
47382
48092
48789
49473
50155
50823
51487
52128
52756
53376
53970
54553
55116
55650
56170
56664
57148
57606
58056
58484
58886
59266
59637
59988
60315
60631
60916
61169
61414
61629
61837
62016
62154
62270
62358
62429
62484
62518
62548
62523
62496
62444
62375
62290
62182
62045
61879
61676
61465
61224
60977
60696
60392
60062
59716
59351
58962
58562
58137
57686
57223
56742
56252
55736
55201
54640
54058
53467
52851
52223
51581
50920
50250
49570
48887
48193
47486
46778
46061
45334
44601
43861
43107
42350
41595
40820
40048
39271
38524
37774
37033
36283
35541
34793
34054
33311
32572
31806
31038
30268
29510
28753
28002
27264
26525
25795
25075
24373
23667
22974
22290
21608
20939
20280
19639
19015
18395
17800
17215
16650
16109
15593
15102
14617
14156
13707
13280
12879
12499
12129
11779
11445
11131
10844
10592
10347
10132
9922
9750
9608
9495
9409
9335
9278
9246
9216
9246
9272
9326
9395
9481
9594
9736
9902
10109
10322
10564
10813
11096
11401
11733
12078
12443
12827
13224
13648
14094
14555
15037
15527
16039
16579
17141
17723
18312
18931
19556
20192
20855
21529
22214
22898
23594
24306
25557
26314
27061
27925
28833
29585
30342
31101
31872
32038
32939
33648
34052
34744
35486
36221
36967
37703
38444
39179
39952
40721
41490
42247
43008
43759
44500
45239
45971
46691
47399
48108
48805
49492
50171
50840
51503
52140
52764
53382
53978
54568
55137
55679
56198
56693
57183
57652
58105
58534
58933
59316
59677
60027
60360
60666
60949
61196
61437
61650
61854
62024
62165
62280
62371
62442
62499
62528
62557
62532
62506
62447
62375
62286
62174
62036
61870
61668
61455
61213
60969
60687
60383
60051
59703
59341
58952
58546
58118
57674
57210
56724
56231
55715
55174
54609
54026
53434
52811
52181
51540
50879
50204
49522
48839
48144
47439
46732
46011
45283
44550
43807
43056
42296
41539
40769
40002
39231
38492
37751
37016
36273
35539
34797
34060
33317
32576
31809
31039
30267
29508
28751
27999
27255
26511
25778
25058
24348
23638
22939
22251
21567
20895
20235
19597
18970
18352
17761
17175
16615
16076
15560
15070
14587
14126
13678
13253
12857
12471
12105
11759
11428
11120
10837
10589
10347
10133
9930
9759
9615
9502
9413
9340
9283
9251
9222
9246
9276
9333
9403
9491
9604
9745
9917
10122
10337
10580
10831
11118
11427
11755
12103
12468
12854
13254
13678
14122
14583
15066
15556
16071
16610
17173
17757
18347
18968
19593
20233
20893
21566
22244
22924
23618
24322
25027
25745
26473
27208
27947
28699
29457
30212
30980
31748
32517
33237
33967
34692
35425
36150
36880
37604
38333
39058
39837
40606
41378
42136
42889
43642
44388
45131
45860
46582
47289
47994
48692
49376
50064
50736
51396
52037
52669
53291
53891
54472
55042
55582
56097
56597
57081
57547
57994
58422
58834
59218
59586
59942
60275
60590
60872
61130
61376
61591
61802
61984
62127
62245
62339
62420
62477
62513
62544
62526
62494
62439
62374
62288
62177
62043
61880
61685
61471
61233
60986
60713
60418
60091
59747
59384
59001
58603
58181
57742
57277
56794
56303
55796
55264
54705
54125
53541
52930
52299
51666
51011
50341
49664
48986
48290
47578
46868
46145
45412
44671
43927
43174
42408
41650
40884
40115
39341
38595
37857
37125
36377
35642
34900
34156
33416
32681
31918
31150
30380
29618
28862
28113
27368
26628
25904
25181
24472
23764
23068
22386
21706
21038
20376
19733
19103
18484
17888
17303
16733
16187
15668
15169
14682
14213
13761
13328
12920
12536
12162
11809
11476
11160
10873
10616
10373
10158
9949
9773
9627
9510
9419
9343
9287
9252
9224
9244
9274
9329
9395
9482
9592
9731
9894
10089
10304
10541
10788
11066
11366
11692
12034
12396
12777
13173
13591
14032
14492
14972
15464
15974
16514
17080
17662
18251
18869
19504
20138
20794
21464
22143
22820
23510
24219
25525
26108
26865
27936
28717
29468
30221
30978
31749
31942
32691
33685
33969
34623
35373
36107
36846
37586
38322
39058
39832
40600
41370
42130
42888
43640
44387
45127
45852
46576
47284
47994
48699
49391
50078
50748
51417
52066
52699
53320
53918
54502
55071
55608
56130
56626
57111
57574
58028
58456
58862
59245
59611
59967
60303
60621
60907
61162
61413
61628
61836
62013
62156
62269
62358
62431
62488
62520
62547
62531
62505
62451
62385
62302
62193
62062
61899
61701
61484
61247
60997
60712
60405
60078
59730
59363
58978
58583
58158
57714
57257
56780
56290
55781
55246
54688
54106
53515
52897
52270
51635
50976
50303
49621
48938
48246
47540
46838
46123
45391
44659
43921
43170
42415
41661
40892
40121
39345
38596
37855
37121
36373
35639
34894
34144
33400
32661
