46400
47654
49128
50804
52470
53757
54745
55492
55855
55768
55181
54430
53159
51696
50364
48995
47773
46834
46253
46242
46523
47223
48165
49200
50605
51944
53085
54143
54671
54853
54639
53946
52782
51356
49766
48165
46456
44816
43567
42659
42166
42096
42429
43240
44040
44982
46137
47174
47960
48522
48752
48577
47830
46757
45565
43916
42210
40432
38671
37355
36124
35249
34888
34859
35213
35882
36810
37964
38797
39636
40210
40395
40349
39918
39117
37932
36325
34641
32900
31242
29757
28520
27555
26980
26713
27077
27813
28756
29773
30850
31895
32726
33190
33382
33164
32589
31467
30182
28790
27209
25656
24072
22814
22035
21364
21482
21803
22414
23386
24558
25942
27345
28324
29280
29711
29795
29490
28802
27705
26355
24879
23550
22069
20872
20062
19678
19770
20162
21085
22280
23610
25265
26934
28398
29562
30393
30928
31002
30668
30096
29086
28021
26743
25656
24661
24009
23672
23732
24181
25184
26253
27860
29479
31263
32768
34157
35334
36109
36586
36600
36234
35575
34694
33830
32948
32085
31486
30961
31021
31372
32171
33211
34669
36151
37968
39681
41410
42659
43641
44241
44441
44275
43863
43107
42150
41145
40155
39373
38917
38683
38836
39453
40472
41757
43231
44994
46760
48386
49838
50963
51681
51908
51887
51450
50597
49551
48425
47283
46373
45539
44994
44770
44961
45611
46587
47875
49496
50904
52262
53720
54786
55597
55848
55746
55206
54166
52970
51660
50135
48755
47369
46469
45914
45750
46063
46826
47761
48918
50279
51628
52811
53759
54339
54451
54210
53672
52620
51247
49811
48201
46604
45003
43741
42791
42284
42221
42550
43131
43997
44940
46052
47126
47978
48496
48661
48522
47858
46883
45596
44023
42346
40556
38804
37417
36296
35315
35019
34977
35347
36048
36917
37789
38843
39569
40292
40360
40236
39718
38809
37692
36326
34618
32790
31093
29742
28575
27811
27314
27149
27472
28124
29092
30177
31192
32195
32827
33287
33417
33202
32494
31391
30002
28525
26904
25285
23792
22666
21696
21310
21256
21668
22366
23208
24516
25892
27122
28197
28991
29500
29607
29302
28650
27664
26384
24884
23479
22195
20943
20143
19782
19939
20378
21246
22434
23924
25354
27112
28536
29657
30436
30959
31028
30857
30276
29362
28150
26916
25758
24807
24045
23616
23595
23794
24657
25986
27587
29201
30978
32659
34174
35301
36155
36649
36650
36351
35747
34884
33868
32828
31950
31349
30903
30926
31159
31904
33084
34555
36052
37977
39791
41421
42707
43792
44495
44696
44383
44008
43099
42037
41025
40089
39300
38686
38512
38767
39420
40456
41869
43344
44986
46741
48229
49525
50645
51244
51556
51412
50987
50206
49110
47939
46850
45850
45052
44526
44470
44777
45484
46573
47950
49597
51215
52702
54007
54930
55594
55913
55761
55224
54230
52952
51501
50225
48853
47728
46816
46329
46050
46284
46880
47808
48917
50299
51619
52819
53731
54444
54614
54426
53937
52921
51463
49872
48071
46333
44840
43625
42748
42243
42136
42477
43024
43973
45029
46190
47191
47926
48345
48463
48130
47603
46711
45239
43624
41831
40050
38451
36977
35831
35019
34510
34628
34895
35583
36597
37524
38598
39402
40045
40226
40064
39749
38910
37635
36153
34488
32895
31110
29655
28537
27595
27132
27052
27364
27974
28811
29885
31016
31985
32822
33206
33286
32942
32333
31341
30038
28492
26771
25085
23703
22485
21652
21261
21253
21632
22277
23506
24834
26068
27378
28495
29278
29777
29872
29588
28785
27772
26564
25183
23761
22485
21450
20639
20195
20213
20588
21513
22625
24055
25552
27000
28417
29666
30511
31018
31024
30736
30039
29141
27945
26751
25755
24711
24025
23625
23730
24326
25166
26411
27825
29398
31161
32822
34342
35528
36231
36635
36689
36450
35777
34922
33920
32943
32036
31417
31088
31150
31522
32168
33292
34785
36445
38238
39863
41373
42664
43709
44568
44851
44743
44255
43376
42394
41314
40386
39566
38960
38723
38760
39302
40137
41492
43078
44763
46516
48152
49610
50861
51643
52215
52229
51737
50990
49851
48600
47385
46218
45377
44651
44460
44644
45210
46214
47484
48997
50641
52024
53410
54559
55353
55808
55765
55174
54246
53173
51874
50403
48957
47726
46771
46084
45897
46081
46552
47613
48876
50236
51576
52773
53924
54509
54772
54552
53874
52841
51482
49950
48281
46499
44997
43740
42835
42222
42056
42366
42959
43859
45025
46094
47204
48073
48622
48963
48717
48026
46958
45526
43988
42255
40541
38965
37363
36078
35252
34908
34890
35190
35851
36686
37512
38562
39504
40119
40424
40312
39939
39163
37990
36669
35028
33357
31746
30131
28968
28001
27435
27214
27446
27911
28664
29596
30675
31651
32468
32925
33179
33003
32473
31486
30297
28846
27248
25603
24004
22718
21759
21187
21080
21331
21968
23068
24434
25756
27068
28223
29154
29678
29759
29590
28826
27753
26472
25095
23671
22279
21204
20437
19979
19965
20297
21061
22087
23535
24879
26362
27944
29123
30123
30819
31182
30931
30250
29439
28548
27292
26086
24981
24197
23758
23794
24299
25066
26100
27584
29210
30946
32548
33980
35263
36087
36596
36769
36505
35846
34983
34069
33027
31963
31252
30856
30837
30978
31817
33029
34491
36057
37814
39616
41251
42567
43696
44365
44573
44384
44032
43380
42383
41316
40347
39569
39072
38924
39129
39602
40629
41873
43395
45101
46930
48655
50022
51013
51894
52161
52176
51847
51130
50089
48789
47479
46408
45597
45035
44806
44930
45457
46333
47569
49011
50697
52367
53673
54672
55447
55843
55804
55221
54482
53249
51793
50463
49074
47833
46900
46299
46259
46512
47211
48162
49188
50584
51943
53086
54147
54673
54856
54643
53949
52784
51360
49773
48174
46473
44834
43586
42670
42165
42087
42397
43192
44010
44927
46082
47127
47922
48498
48741
48605
47909
46840
45648
44049
42336
40578
38766
37469
36193
35294
34901
34831
35155
35821
36760
37898
38736
39580
40173
40357
40346
39919
39118
37930
36325
34646
32904
31244
29760
28525
27543
26973
26700
27024
27751
28691
29725
30800
31833
32664
33182
33388
33190
32682
31560
30286
28908
27322
25798
24202
22880
22087
21396
21487
21750
22372
23332
24471
25852
27276
28251
29225
29668
29754
29464
28792
27694
26360
24881
23552
22070
20875
20065
19681
19776
20165
21088
22298
23616
25242
26910
28399
29561
30401
30952
31047
30723
30148
29151
28140
26830
25739
24741
24034
23688
23734
24134
25090
26164
27748
29389
31145
32676
34068
35294
36102
36598
36626
36262
35626
34746
33879
32985
32090
31494
30965
31025
31372
32171
33210
34671
36155
37970
39685
41393
42664
43659
44253
44470
44312
43914
43149
42213
41226
40243
39444
38965
38690
38799
39394
40379
41663
43144
44877
46640
48297
49760
50889
51650
51900
51910
51473
50665
49615
48466
47328
46405
45585
45002
44779
44971
45619
46594
47879
49497
50905
52266
53729
54794
55603
55874
55771
55267
54227
53043
51757
50233
48841
47459
46525
45968
45758
46055
46800
47694
48839
50189
51528
52740
53694
54339
54469
54246
53740
52718
51374
49940
48352
46721
45129
43839
42880
42339
42269
42594
43176
44007
44956
46070
47145
48000
48520
48684
48545
47883
46906
45619
44070
42387
40600
38857
37442
36317
35332
35034
34956
35300
36006
36835
37716
38770
39536
40249
40350
40278
39753
38872
37791
36422
34738
32895
31211
29840
28637
27871
27358
27182
27466
28131
29086
30162
31198
32196
32829
33289
33420
33204
32498
31396
30007
28529
26910
25292
23791
22651
21685
21280
21230
21612
22289
23135
24414
25803
27065
28119
28952
29470
29618
29351
28718
27775
26488
24993
23592
22276
21018
20167
19789
19906
20306
21169
22350
23849
25297
27038
28504
29633
30436
30971
31033
30862
30280
29370
28156
26922
25762
24809
24047
23619
23601
23811
24635
25946
27527
29160
30919
32598
34125
35246
36105
36650
36673
36382
35806
34954
33931
32908
32022
31387
30929
