47864
48238
48487
48573
48769
48953
49056
49280
49403
49624
49858
50195
50349
50572
50887
51181
51319
51913
52140
52405
52743
53123
53533
53670
53866
54413
54454
54840
55160
55192
55251
55450
55735
55963
56013
56174
56520
56520
56740
56975
57203
57714
57846
58199
58389
58381
58844
59234
59696
60066
60159
60364
60745
61121
61580
61801
62070
62412
62621
63062
63055
63263
63580
63763
63933
64010
64105
64195
61789
56409
50801
45094
39510
34059
28645
23310
17775
13800
13956
14478
14683
14997
15036
15210
15293
15556
15780
15943
15991
16207
16391
16655
16879
17231
17368
17869
18076
18533
18742
18909
19270
19734
19976
20363
20501
21027
20970
21187
21649
21992
21923
22260
22548
22847
22985
23261
23533
23773
23987
24227
24400
24566
24549
24623
24936
25303
25507
25675
26119
26389
26887
27170
27643
28144
28194
28496
28919
29116
29236
29322
29621
29852
29780
30105
30370
30516
30740
30996
31343
31457
31503
31981
32294
32568
32906
33041
33255
33630
33932
34325
34382
34462
34786
35081
35438
35721
35965
36234
36630
36891
37157
37498
37651
37791
38167
38215
38402
38633
39002
39312
39331
39503
39868
39844
40379
40727
40901
41199
41428
41645
41988
41969
42192
42378
42360
42615
42830
42955
43353
43331
43842
44381
44680
45095
45283
45372
45846
45957
46523
46801
46876
47118
47202
47527
47878
48042
48367
48325
48720
48816
48900
49266
49575
49761
50023
50255
50692
50785
51334
51554
51923
52116
52300
52538
52893
53026
52971
53086
53372
53664
54016
54278
54292
54622
54896
55454
55671
55949
56131
56435
56673
57028
57264
57481
57883
58354
58626
59005
59025
59330
59660
59855
59937
59955
60177
60522
60649
61057
61272
61399
61878
62362
62775
62869
62920
63207
63470
63649
63981
64144
64157
64316
61972
56242
50629
45060
39407
33743
28177
22543
17094
13228
13808
14036
14144
14457
14598
14817
15046
15253
15385
15675
15864
16155
16476
16964
17150
17624
18001
18322
18651
18915
19156
19624
19822
19875
19928
19965
20023
20253
20459
20843
20825
20846
21476
21751
22007
22368
22483
22673
22850
23295
23600
23792
24102
24355
24656
25193
25418
25860
25982
26378
26447
26597
27024
27328
27228
27399
27444
27853
28015
28155
28640
28886
29231
29738
29997
30132
30219
30394
30902
31043
31111
31336
31471
31806
32197
32692
33075
33308
33886
34207
34541
34699
34919
35146
35348
35439
35688
35777
35941
35929
36293
36654
36915
37084
37274
37526
37711
37881
38305
38507
38602
38917
39147
39375
39573
39848
40156
40385
40619
40860
40901
40975
41277
41550
41574
41707
42081
42251
42576
42888
43361
43565
43798
44080
44524
44746
45020
45310
45703
45915
46137
46416
46716
46928
47005
47326
47644
48064
48216
48528
48823
49156
49455
49766
50072
50232
50224
50685
51138
51183
51423
51693
52011
52162
52305
52605
52860
53071
53152
53325
53554
53774
54052
54260
54478
54630
54860
55449
55757
56090
56437
56698
56988
57331
57632
57923
58082
58566
58718
58968
59307
59315
59575
60043
60344
60483
60461
60685
60873
60964
61319
61526
61601
61787
62080
62352
62708
63009
63206
63597
63781
63867
64097
64209
62670
57079
51558
46001
40544
35162
29744
24194
18808
14051
14400
14524
14733
14729
14985
15099
15329
15436
15709
16099
16242
16566
16964
17196
17575
17857
18175
18458
18490
18732
18926
19330
19536
19492
19754
20039
20214
20456
20801
21140
21199
21567
21866
22270
22403
22784
23082
23225
23384
23607
23774
23808
23899
24200
24399
24708
25071
25199
25487
26019
26534
26904
27255
27736
27967
27937
28369
28803
28996
29196
29346
29397
29488
29754
30063
30287
30390
30562
30605
31090
31621
31815
32172
32443
32744
33257
33381
33655
33806
33926
34173
34312
34692
34915
34887
35147
35661
35766
35818
35836
35879
35948
36154
36281
36535
36778
37096
37415
37900
38506
38952
39319
39626
39953
40145
40205
40613
40732
40792
41023
41165
41342
41552
41744
41966
42128
42411
42594
42900
43163
43335
43568
43846
44196
44470
44814
45022
45100
45382
45822
46233
46368
46593
46890
46951
47079
47710
47925
48249
48368
48617
48925
49326
49761
50222
50152
50402
50589
50883
51189
51476
51442
51574
51758
52182
52588
52772
52937
53019
53411
53793
54069
54384
54602
54820
55289
55627
56079
56195
56423
56775
57144
57499
57740
57730
57775
57989
58323
58622
58978
59234
59235
59422
59765
60101
60276
60445
60618
60647
60975
61164
61236
61636
61803
62154
62279
62377
62529
62537
62896
63215
63476
63682
63953
62160
56645
51181
45768
40162
34588
29114
23469
17783
13318
13625
13898
14216
14479
14707
15025
15448
15862
16055
16232
16415
16388
16501
16736
16940
17100
17265
17742
18202
18796
19293
19628
19948
20264
20488
20662
20985
21105
21202
21220
21626
21677
21825
22061
22408
22632
22756
22892
23321
23526
23813
24128
24305
24610
24903
25106
25342
25575
25993
26301
26520
26762
26866
26867
27253
27608
28060
28033
28158
28537
28675
29148
29496
29624
29849
29766
29955
30382
30558
30900
30970
31178
31414
31827
32201
32563
32753
32988
33158
33306
33570
33786
33832
33848
34233
34602
34855
35169
35512
35975
36281
36573
36817
36987
37319
37646
37854
38275
38539
38769
39045
39320
39750
39711
39842
40134
40133
40194
40305
40660
40914
41101
41270
41500
41690
42144
42620
42840
43262
43614
43968
44151
44592
44780
44832
44809
44952
45347
45315
45503
45950
46314
46619
47062
47458
47749
47868
48243
48486
48576
48772
48955
49061
49283
49409
49588
49818
50154
50307
50519
50830
51146
51283
51871
52103
52389
52731
53107
53520
53651
53813
54400
54491
54839
55167
55227
55288
55482
55683
55958
56020
56169
56500
56519
56715
56959
57194
57706
57850
58200
58390
58395
58860
59247
59708
60080
60176
60382
60768
61144
61605
61830
62124
62438
62631
63086
63094
63277
63574
63759
63948
63986
64100
64202
62181
56817
51235
45523
39894
34453
29019
23708
18158
13780
13933
14427
14665
14982
14996
15183
15267
15524
15750
15884
15978
16158
16346
16655
16875
17228
17364
17864
18069
18524
18736
18904
19265
19729
19943
20348
20486
21013
20974
21170
21642
21955
21903
22275
22534
22818
22992
23290
23482
23751
24001
24209
24404
24526
24537
24614
24912
25301
25479
25667
26123
26349
26866
27131
27607
28127
28170
28498
28883
29126
29231
29322
29620
29850
29779
30103
30370
30519
30742
31000
31324
31463
31472
31944
32291
32529
32864
33011
33202
33596
33923
34325
34375
34437
34756
35081
35411
35689
35947
36219
36586
36892
37122
37470
37647
37770
38154
38236
38413
38634
38999
39337
39355
39508
39896
39881
40394
40743
40919
41214
41445
41662
42006
41984
42208
42394
42373
42602
42820
42927
43331
43339
43825
44374
44631
45059
45251
45358
45858
45946
46483
46771
46878
47123
47215
47492
47882
48010
48331
48312
48745
48801
48893
49234
49531
49717
50029
50230
50667
50760
51301
51549
51927
52120
52305
52541
52899
53031
52976
53092
53385
53679
54035
54299
54322
54608
54889
55457
55673
55931
56106
56404
56670
56974
57282
57466
57869
58331
58608
59000
59068
59330
59696
59853
59960
59969
60192
60509
60638
61032
61294
61387
61858
62330
62773
62862
62932
63199
63466
63629
63996
64157
64169
64323
61979
56246
50630
45062
39408
33744
28168
22526
17057
13226
13783
14023
14129
14448
14564
14821
15018
15274
15410
15653
15880
16124
16441
16908
17158
17611
17947
18305
18628
18924
19126
19586
19809
19884
19942
19990
20012
20280
20468
20874
20862
20864
21477
21751
22008
22366
22480
22671
22845
23288
23596
23787
24109
24377
24637
25169
25424
25859
25954
26350
26449
26545
27003
27289
27217
27365
27447
27802
28038
28136
28616
28855
29213
29740
30008
30144
30203
30370
30894
31005
31072
31283
31454
31757
32154
32669
33046
33321
33880
34211
34548
34702
34921
35152
35352
35440
35686
35774
35937
35928
36263
36631
36856
37029
37248
37462
37661
37835
38275
38502
38564
38920
39119
39337
39556
39791
40134
40317
40613
40840
40843
40901
41197
41508
41571
41640
42045
42215
42530
42863
43304
43551
43778
44062
44470
44734
45008
45298
45689
45902
46128
46408
46710
46922
46999
47310
47622
48030
48199
48485
48790
49140
49444
49727
50033
50220
50185
50642
51079
51116
51411
51711
51983
52161
52310
52564
52858
53032
53130
53261
53542
