15725
15186
14755
14374
14094
13781
13514
13126
13033
12827
12571
12309
12066
11994
11863
11641
11545
11268
11227
11286
11371
11361
11288
11335
11308
11403
11657
11632
11781
11842
11989
12376
12658
13041
13394
13783
14230
14584
14953
15314
15571
15953
16549
16941
17317
17835
18214
18819
19363
19898
20658
21194
21898
22522
23191
23885
24661
25417
26302
26996
27577
28141
28772
29442
30184
30991
31808
32394
33019
33749
34489
35387
36117
36962
37676
38324
39163
39963
40729
41524
42193
42929
43499
44175
44932
45664
46419
47263
47985
48700
49497
50338
51219
51900
52593
53251
53829
54404
55061
55736
56257
56671
57164
57675
58118
58707
59156
59792
60215
60605
61190
61668
62080
62356
62714
62960
63053
63204
63413
63470
63579
63692
63937
64002
64173
64280
64407
64550
64560
64619
64569
64515
64482
64403
64220
63991
63832
63549
63422
63144
62864
62566
62121
61771
61467
60990
60634
60275
59962
59439
58921
58453
58086
57615
57089
56608
55981
55312
54643
54043
53364
52600
51747
51102
50367
49601
48924
48215
47520
46902
46344
45726
44952
44130
43450
42633
41918
41162
40394
39520
38729
38067
37439
36686
35915
35227
34371
33625
32767
32024
31296
30517
29767
28866
28009
27388
26686
26034
25384
24596
23955
23307
22715
22030
21412
20802
20261
19726
19195
18501
17937
17341
16977
16517
16131
15681
15276
14916
14585
14179
13819
13421
13202
12850
12588
12161
12040
11965
11738
11681
11590
11358
11276
11158
11275
11090
10936
11002
11071
11285
11329
11421
11711
11708
12051
12323
12658
12940
13199
13608
14040
14205
14647
14979
15386
15704
16137
16749
17165
17619
18253
18833
19458
20034
20691
21291
21877
22532
23138
23738
24367
25041
25655
26317
27156
27793
28433
29234
30069
30887
31653
32461
33284
34031
34928
35671
36426
37092
37828
38424
39338
39985
40641
41487
42320
43086
43777
44584
45494
46228
46944
47695
48245
49084
49807
50550
51152
51828
52439
53023
53742
54439
54981
55500
56015
56634
57144
57635
58170
58643
59141
59533
60091
60760
61040
61526
61824
62263
62622
62937
63270
63445
63557
63955
64030
64207
64240
64343
64412
64401
64489
64470
64341
64370
64421
64346
64229
64096
63882
63803
63625
63554
63308
63092
62865
62658
62338
62192
61802
61428
61087
60580
59912
59429
58976
58539
57894
57336
56821
56162
55717
55181
54589
53872
53128
52557
51719
51040
50304
49641
48941
48337
47572
46973
46219
45473
44744
44112
43360
42674
41788
40978
40186
39409
38702
38024
37099
36315
35426
34725
34033
33277
32537
31759
30950
30221
29568
28997
28218
27424
26754
26106
25391
24688
24048
23291
22568
21943
21388
20865
20161
19494
19085
18471
18043
17435
17031
16490
15938
15535
15144
14654
14277
13778
13401
12953
12776
12449
12222
12056
11844
11799
11621
11618
11578
11343
11341
11206
11267
11277
11293
11391
11402
11448
11779
11826
11955
12100
12290
12370
12591
12929
13256
13611
13925
14301
14706
15048
15378
15796
16077
16561
16900
17500
18026
18553
19184
19890
20593
21149
21771
22537
23178
23883
24580
25231
25939
26524
27436
28286
28940
29724
30461
31247
31940
32633
33419
34118
34761
35539
36283
36963
37670
38399
39154
40035
40834
41677
42297
43005
43798
44483
45290
46085
46739
47448
48198
48997
49767
50503
51141
51847
52501
53114
53849
54479
55092
55740
56325
56981
57434
58033
58458
58804
59246
59636
60069
60373
60805
61293
61731
62281
62581
62718
62878
63056
63340
63497
63684
63687
63680
63847
64116
64391
64534
64564
64609
64552
64560
64573
64503
64325
64112
64011
63763
63447
63279
63037
62688
62388
62124
61779
61441
61050
60645
60297
59856
59361
58860
58351
57902
57280
56793
56383
55809
55182
54688
54163
53554
52891
52210
51526
50664
49940
49219
48350
47509
46747
46038
45348
44440
43802
43108
42448
41776
40975
40244
39429
38592
37959
37176
36433
35689
34945
34280
33511
32827
32088
31210
30507
29685
28850
28025
27304
26636
25835
25210
24634
23931
23181
22524
21974
21372
20786
20244
19567
19044
18555
18037
17541
17009
16473
15809
15301
14828
14304
13827
13426
13146
12771
12580
12402
12305
12112
11982
11921
11742
11541
11531
11408
11301
11189
11145
11060
11152
11264
11313
11307
11529
11742
11887
12050
12344
12494
12744
13069
13453
13625
13869
14199
14502
14913
15283
15728
16252
16661
17305
17976
18515
19140
19658
20183
20796
21363
22045
22639
23287
24004
24665
25361
26031
26784
27459
28064
28744
29370
29934
30739
31481
32278
32931
33654
34483
35332
36113
36931
37686
38568
39447
40219
41033
41701
42334
43043
43763
44541
45229
45834
46610
47295
48007
48717
49495
50268
50967
51698
52418
53038
53708
54349
55005
55566
56195
56749
57353
57758
58209
58706
59321
59835
60266
60591
60958
61194
61496
61932
62294
62536
62669
63020
63264
63424
63660
63963
64158
64331
64512
64677
64729
64766
64885
64807
64788
64676
64543
64300
64255
64032
63768
63554
63429
63124
62820
62566
62336
61814
61418
61213
60807
60338
59845
59388
58935
58424
57893
57554
56988
56396
55827
55263
54724
53990
53315
52699
51886
51172
50363
49815
49120
48446
47788
46975
46202
45405
44549
43882
43105
42290
41519
40699
40038
39384
38701
38032
37222
36353
35530
34651
33983
33245
32416
31737
30932
30139
29544
28951
28249
27608
26758
26054
25217
24508
23911
23123
22269
21603
20857
20199
19606
19135
18701
17928
17424
17073
16653
16173
15733
15183
14745
14370
14080
13784
13516
13128
13034
12828
12571
12310
12064
11995
11862
11659
11561
11288
11237
11305
11369
11367
11299
11354
11307
11385
11629
11593
11759
11812
11947
12338
12652
12997
13367
13747
14199
14563
14928
15286
15563
15913
16505
16892
17278
17778
18161
18772
19321
19855
20627
21171
21900
22526
23194
23889
24666
25420
26302
26996
27574
28133
28772
29430
30159
30958
31778
32344
32976
33686
34426
35309
36039
36880
37592
38257
39066
39883
40647
41443
42131
42858
43442
44108
44869
45593
46334
47170
47924
48628
49440
50278
51193
51875
52566
53246
53830
54385
55049
55725
56245
56655
57148
57659
58101
58693
59144
59779
60181
60560
61154
61599
62028
62288
62656
62897
63004
63170
63374
63459
63573
63680
63921
63973
64140
64263
64389
64520
64551
64613
64564
64532
64476
64380
64235
64006
63836
63529
63414
63135
62854
62568
62100
61755
61437
60983
60629
60267
59954
59434
58920
58457
58091
57621
57097
56633
56011
55328
54681
54091
53405
52641
51800
51165
50409
49643
48991
48257
47567
46942
46398
45759
45010
44177
43513
42692
41950
41197
40451
39577
38773
38092
37463
36728
35928
35259
34387
33637
32777
32020
31296
30507
29758
28856
27999
27377
26676
26022
25374
24586
23949
23292
22725
22037
21421
20807
20270
19736
19211
18538
17975
17353
17002
16549
16142
15698
15307
14936
14579
14220
13830
13424
13218
12871
12601
12192
12044
11982
11745
11661
11589
11359
11274
11156
11268
11091
10922
10975
11062
11279
11324
11416
11707
11703
12049
12322
12659
12943
13172
13586
13999
14189
14607
14939
15334
15662
16097
16703
17140
17591
18200
18814
19422
19992
20649
21255
21848
22472
23079
23691
24307
25010
25618
26272
27110
27768
28424
29218
30064
30897
31667
32470
33297
34066
34940
35665
36421
37085
37813
38410
39324
39974
40631
41477
42332
43077
43758
44559
45461
46192
46911
47661
48181
49036
49753
50477
51107
51772
52371
52972
53690
54402
54959
55463
55982
56571
57130
57594
58135
58612
59099
59482
60051
60735
61014
61491
61806
62253
62602
62920
63269
63440
63555
63950
64021
64200
64234
64336
64405
64397
64483
64452
64325
64343
64403
64331
64227
64080
63866
63789
63656
63565
63331
63134
62886
62702
62371
62205
61819
61443
61102
60610
59932
59443
59014
58570
57922
57358
56832
56184
55708
55179
54586
53867
53117
52536
51701
51033
50299
49634
48932
48330
47565
46967
46214
45470
44739
44111
43369
42708
41824
41025
40238
39455
38739
38071
37169
36360
35484
34762
34091
33327
32573
31820
31021
30254
29635
29050
28283
27478
26805
26168
25469
24731
24116
23347
22631
21980
21434
20886
20188
19513
19106
18475
18044
17436
17031
16489
15937
15535
15144
14655
14276
13776
13389
12955
12777
12438
12219
12036
11835
11808
11619
11604
11599
11320
11333
11206
11267
11268
11291
11374
11388
11411
11767
11816
11940
12092
12263
12370
12566
12901
13237
13611
13911
14291
14698
15049
15361
15807
16083
16562
16900
17499
18026
18553
19184
19889
20590
21144
21770
22531
23154
23864
24556
25213
25896
26471
27380
28225
28878
29663
30398
31191
31865
32588
33364
34084
34709
35469
36229
36893
37604
38359
39079
39992
40760
41609
42268
42987
43789
44474
45271
46094
46743
47465
48233
49004
49780
50514
51153
51860
52516
53129
53870
54501
55111
55733
56327
56986
57418
58020
58452
58779
59223
59624
60065
60357
60807
61287
61720
62268
62564
62733
62869
63058
63341
63480
63684
63705
63685
63845
64088
64375
64538
64566
64611
64565
64558
64585
64495
64341
64128
64014
63766
63451
63281
63040
62692
62392
62131
61789
61449
61042
60650
60294
59853
59379
58873
58390
57920
57305
56853
56432
55866
55249
54732
54215
53590
52970
52263
51580
50735
49975
49283
48431
47589
46810
46068
45391
44504
43836
43159
42465
41788
40985
40243
39449
38589
37954
37177
36437
35694
34950
34285
33514
32832
32092
31215
30509
29687
28855
28046
27312
26654
25849
25252
24666
23974
23239
22561
22010
21410
20827
20297
19604
19104
18589
18051
17583
17061
16520
15859
