13147
13697
14308
14731
15450
16011
16599
17347
18005
18703
19564
20249
20853
21683
22399
23075
23789
31922
32175
16719
19731
27022
28487
29246
29954
30621
31597
32332
33033
33971
34726
35400
35954
36638
37313
38290
39045
39768
40429
41184
41962
42776
43537
44248
44862
45646
46168
46972
47478
48192
48807
49349
50081
50654
51217
51686
52445
52915
53402
53913
54431
54958
55210
55718
56009
56471
56737
57063
57315
57738
57885
58092
58357
58645
58916
58897
59153
59191
59161
59148
59373
59413
59388
59195
59177
59171
58896
58898
58609
58632
58360
58100
57835
57607
57326
57051
56738
56266
55962
55485
55227
54685
54154
53884
53364
52742
52196
51688
51063
50397
49823
49193
48528
48005
47314
46693
45916
45360
44567
43828
43068
42386
41693
40975
40302
39584
38611
37863
37173
36472
35768
35229
34515
33541
32859
32123
31123
30483
29746
28780
28117
27410
26637
25708
24986
24292
23615
22920
22197
21388
20609
19851
19307
18381
17853
17127
16444
15777
15257
14738
14144
13442
13000
12367
11842
11433
10950
10540
10012
9648
9240
8969
8420
8175
7912
7645
7352
7125
6863
6607
6338
6335
6080
6076
5818
5820
5818
5793
5825
5810
5812
5827
6090
6063
6349
6348
6584
6868
7119
7378
7640
7908
8158
8430
8977
9214
9731
10006
10528
11029
11471
11944
12386
13133
13529
14191
14729
15248
15792
16523
17236
17887
18387
19307
19873
20621
21387
22203
22961
23733
24407
25097
25813
26643
27456
28205
28894
29789
30590
31255
32168
32679
33446
34362
35074
35834
36347
36996
37775
38577
39367
40134
40813
41523
42250
43038
43831
44606
45340
45901
46694
47192
47849
48528
49034
49737
50370
50901
51567
52010
52616
53292
53664
54152
54703
55088
55501
55925
56257
56540
57015
57323
57590
57827
58102
58373
58632
58618
58877
58892
59180
59156
59173
59481
59443
59426
59176
59177
59163
59148
58909
58912
58606
58375
58260
58090
57843
57456
57047
56787
56536
56213
55731
55341
54957
54439
54018
53562
53078
52615
51829
51394
50696
50123
49546
48834
48286
47710
46961
46287
45633
44870
44326
43516
42769
42024
41339
40656
39867
39110
38323
37590
36717
35943
35559
34872
33984
33207
32507
31637
30814
30112
29252
28471
27761
26906
26114
25345
24654
23956
23239
22452
21674
20874
20349
19583
18902
18141
17522
16797
16071
15508
14955
14447
13781
13152
12637
12195
11581
11304
10782
10247
9728
9493
8927
8692
8442
7892
7629
7400
7127
6869
6593
6595
6370
6082
6068
5970
5813
5813
5828
5816
5815
5803
5821
6064
6071
6071
6345
6591
6633
6858
7140
7386
7624
7904
8417
8714
8973
9503
9795
10273
10774
11310
11581
12245
12723
13153
13869
14464
14978
15490
16130
16831
17579
18123
18916
19583
20304
20952
21683
22462
23242
24042
24087
29954
17721
26406
27817
28521
29261
30236
30904
31628
32593
33256
34000
34954
35663
35979
36718
37616
38331
39084
39910
40670
41400
42162
42813
43556
44342
44917
45655
46400
47068
47743
48240
48894
49575
50088
50779
51399
51924
52588
53136
53619
54059
54503
54984
55472
55733
56289
56557
56773
57089
57601
57859
58110
58342
58390
58617
58912
58881
59160
59178
59171
59292
59439
59436
59442
59198
59167
59180
58885
58889
58576
58575
58369
58106
57839
57602
57325
56987
56572
56274
55872
55482
54982
54717
54163
53660
53240
52597
51987
51467
50891
50339
49642
49093
48514
47775
47228
46647
45931
45222
44534
43782
43014
42244
41471
40723
40048
39346
38590
37787
36955
36270
35833
35031
34279
33455
32686
31915
31099
30319
29526
28739
27966
27148
26467
25611
24829
24049
23364
22680
21957
21247
20561
19848
19093
18276
17626
17084
16282
15736
15027
14626
13893
13430
12879
12340
11830
11316
10790
10529
10015
9479
9201
8764
8443
8138
7691
7550
7128
6859
6883
6607
6354
6187
6070
6070
5807
5802
5809
5833
5819
5839
5825
5810
6089
6090
6334
6415
6595
6850
7109
7397
7620
7911
8197
8646
8955
9244
9738
10155
10578
11066
11579
12100
12601
13144
13673
14206
14718
15340
16021
16538
17344
17895
18611
19448
20144
20838
21555
22237
22960
23763
24536
25322
26068
26738
27475
28424
29099
29838
30557
31521
32205
32931
33877
34545
35287
35874
36579
37256
38252
38915
39634
40368
41180
41972
42725
43441
44116
44820
45530
46159
46941
47483
48133
48774
49275
49908
50597
51173
51660
52281
52864
53357
53876
54399
54835
55225
55725
55976
56363
56758
57069
57317
57619
57814
58105
58337
58610
58779
58906
59109
59129
59160
59140
59446
59436
59412
59167
59164
59184
58917
58907
58633
58643
58347
58076
57819
57554
57290
57058
56800
56266
55978
55499
55241
54677
54148
53904
53378
52851
52217
51679
51134
50430
49824
49267
48596
48010
47443
46748
46015
45355
44642
43888
43237
42530
41827
41139
40383
39617
38725
38048
37249
36442
35661
35298
34523
33657
32934
32164
31296
30580
29786
28893
28209
27460
26637
25845
25156
24434
23749
22965
22199
21388
20648
19927
19300
18400
17858
17250
16524
15815
15250
14714
14184
13578
13080
12372
11930
11520
11053
10530
9991
9743
9209
8993
8428
8158
7914
7624
7385
7144
6870
6602
6344
6338
6065
6069
5817
5815
5811
5816
5806
5820
5832
5810
6080
6074
6343
6361
6591
6853
7080
7301
7650
7883
8172
8441
8961
9235
9588
10004
10522
10947
11363
11826
12347
12946
13412
14094
14734
15243
15780
16400
17103
17809
18379
19317
19836
20585
21404
22219
22871
23576
24230
19080
28576
24483
29280
28068
28744
29734
30417
31167
32129
32816
33518
34487
35178
35804
36460
37215
37884
38595
39561
40259
40927
41643
42392
43066
43805
44619
45387
45910
46708
47267
48006
48510
49164
49842
50369
51008
51640
52155
52767
53376
53872
54136
54671
55207
55474
55982
56213
56731
57042
57291
57585
57825
58107
58380
58628
58624
58884
58884
59152
59098
59188
59414
59395
59416
59144
59154
59105
59137
58905
58893
58642
58390
58114
57944
57767
57365
57061
56789
56501
56028
55735
55249
54982
54478
53906
53429
52921
52499
51682
51234
50582
50065
49369
48780
48235
47506
46953
46153
45617
44853
44255
43528
42757
41963
41186
40500
39764
39066
38285
37405
36681
35933
35449
34763
33943
33005
32381
31625
30691
29982
29242
28482
27588
26880
26151
25347
24530
23801
23151
22400
21683
20885
20297
19581
18750
18066
17362
16617
16011
15480
14776
14349
13686
13148
12612
12082
11585
11168
10736
10252
9747
9424
8975
8689
8336
7905
7636
7393
7139
6866
6587
6550
6332
6063
6081
5837
5794
5813
5802
5818
5822
5819
5804
6080
6077
6074
6344
6587
6847
6857
7097
7398
7615
7995
8423
8674
9076
9486
9933
10363
10776
11311
11708
12350
12862
13294
13925
14445
14979
15610
16275
17026
17610
18127
18913
19659
20396
21124
21827
22497
23261
24027
24815
25564
26345
27021
27952
28684
29330
30302
31001
31733
32690
33169
33973
34831
35534
35951
36683
37545
38307
39094
39860
40596
41259
41987
42770
43539
44349
44853
45637
46207
46954
47621
48246
48778
49509
50093
50627
51345
51756
52581
53103
53541
53963
54408
54958
55245
55733
56185
56543
56770
57058
57425
57851
58063
58170
58401
58638
58870
58872
59183
59168
59155
59128
59420
59382
59409
59121
59158
59144
58882
58867
58625
58606
58353
58093
57840
57585
57311
57065
56616
56266
55973
55500
55134
54698
54140
53734
53337
52609
52067
51626
50908
50359
49767
49047
48529
47914
47213
46695
45897
45326
44622
43832
43005
42265
41545
40888
40152
39459
38554
37786
37058
36390
35834
35098
34416
33464
32716
31972
31060
30346
29627
28719
27958
27288
26542
25611
24864
24176
23485
22760
22098
21340
20621
19838
19221
18386
17717
17065
16310
15779
15134
14704
13971
13393
12883
12357
11830
11314
10804
10527
10005
9523
9219
8917
8430
8135
7795
7629
7183
7016
6838
6601
6345
6276
6078
6081
5823
5812
5827
5815
5831
5819
5821
5805
6061
6089
6324
6339
6592
6868
7134
7398
7635
7903
8191
8525
8948
9230
9724
10015
10524
11053
11539
12071
12486
13151
13660
14175
14723
15262
15977
16549
17331
17865
18489
19326
20054
20729
21446
22199
22963
23793
22030
26877
14665
37236
26899
28329
29025
29780
30578
31384
32130
32911
33784
34531
35276
35725
36494
37240
38091
38825
39615
40399
41167
41897
42615
43307
43994
44768
45436
46129
46816
47461
48014
48665
49311
49844
50582
51169
51675
52191
52872
53380
53878
54318
54779
55215
55674
55995
56273
56815
57076
57311
57593
57854
58072
58349
58623
58656
58897
59057
59119
59131
59130
59414
59435
59408
59173
59169
59194
59052
58901
58683
58622
58382
58097
57809
57586
57275
57055
56776
56277
56004
55608
55221
54766
54317
53916
53398
52866
52203
51662
51141
50595
49841
49301
48752
48023
47451
46863
46166
45437
44772
44026
43300
42589
41918
41165
40419
39627
38808
38163
37257
36477
35745
35304
34501
33783
32895
32148
31401
30567
29787
29010
28294
27422
26632
25907
25238
24507
23757
22975
22213
21469
20770
20045
19325
18495
17858
17337
16546
15953
15279
14710
14197
13664
13157
12519
12069
11582
11062
10527
10031
9738
9219
8972
8520
8159
7904
7637
7411
7127
6853
6609
6334
6347
6082
6090
5836
5805
5785
5797
5809
5807
5829
5820
6068
6074
6288
6340
6603
6860
7014
7174
7614
7794
8163
8427
8872
9227
9507
10005
10521
10819
11330
11834
12359
12886
13424
13985
14706
15144
15787
16288
17062
17712
18387
19209
19843
20604
21352
22052
22778
23477
24183
24863
25614
26530
27214
27973
28718
29632
30335
31095
31968
32687
33447
34398
35086
35828
36377
37061
37779
38584
39398
40162
40857
41546
42273
43031
43823
44587
45361
45889
46685
47192
47888
48535
49061
49718
50367
50920
51613
52048
52633
53318
53713
54184
54715
55116
55467
55998
56256
56569
56999
57326
57580
57829
58096
58346
58633
58662
58862
58900
59145
59176
59195
59431
59448
59404
59203
59182
59163
59177
58867
58869
58626
58332
58220
58055
57825
57426
57054
56768
56532
56188
55752
55294
54981
54474
53984
53530
53082
52634
51791
51353
50641
50075
49504
48829
48246
47624
46965
46233
45640
44842
44324
43529
42776
41976
41263
40625
39856
39094
38322
37533
36736
35938
35539
34853
34010
33188
32480
31626
30785
30091
29257
28494
27707
26908
26117
25377
24596
23956
23228
22431
21670
20876
20359
19585
18859
18125
17455
16746
16064
15516
14932
14419
13757
13187
12631
12140
11583
11287
10788
10267
9739
9513
8962
8703
8443
7908
7641
7392
7118
6862
6608
6607
6355
6070
6084
5932
5817
5800
5817
5824
5806
5806
5811
6074
6073
6075
6343
6589
6706
6869
7129
7379
7623
7907
8437
8697
8970
9507
9846
10290
10781
11326
11609
12309
12709
13204
13907
14460
14999
15537
16187
16877
17578
18104
18926
19597
20334
20995
21704
22425
23251
24042
22618
30757
20718
27804
27858
28542
29278
30255
30923
31668
32641
33313
34009
34995
35738
36030
36725
37691
38375
39125
39884
40684
41431
42205
42875
43565
44324
44963
45657
46413
47091
47753
48273
48981
49586
50119
50813
51409
51945
52600
53110
53636
54111
54522
54951
55464
55733
56283
56545
56788
57124
57577
57816
58105
58359
58348
58643
58890
58900
59142
59141
59142
59312
59432
59440
59434
59140
59140
59167
58907
58890
58605
58517
58342
58078
57825
57584
57314
56906
56538
56275
55838
55485
54961
54704
54157
53619
53169
52597
51917
51398
50899
50313
49578
49042
48450
47733
47167
46558
45850
45192
44469
43765
42990
42210
41422
40693
39962
39292
38582
37764
36935
36200
35821
35015
34228
33459
32677
31855
31091
30306
29447
28716
27953
27103
26413
25607
24794
24061
23294
22598
21907
21190
20493
19821
18985
18217
17592
17069
16277
15721
14984
14552
13908
13424
12879
12356
11788
11309
10784
10503
10013
9480
9164
8713
8426
8097
7653
7474
7114
6870
6863
6599
6345
6131
6087
6070
5808
5826
5818
5809
5811
5809
5826
5809
6080
6077
6361
6438
6601
6869
7123
7387
7630
7906
8218
8658
8965
9275
9725
10200
10623
11089
11585
12113
12624
13155
13685
14257
14720
15396
15996
16554
17340
17932
18648
19517
20198
20862
21620
22279
23004
23747
24539
25346
26118
26793
27474
28458
29163
29830
30597
31569
32258
32912
33652
34471
35274
35682
36464
37248
38031
38740
39604
40384
41062
41817
42510
43218
43899
44619
45388
46006
46700
47433
47970
48568
49263
49822
50407
51129
51689
52184
52870
53370
53910
54150
54675
55209
55525
56029
56263
56789
57047
57319
57578
57827
58086
58363
58614
58602
58873
58892
59131
59163
59139
59402
59410
59404
59171
59154
59141
59104
58889
58793
58627
58333
58079
57824
57636
57312
57050
56765
56363
56005
55699
55200
54845
54373
53882
53337
52841
52281
51670
51138
50590
49904
49268
48803
48104
47427
46969
46138
45518
44836
44090
43430
42755
41953
41168
40419
39630
38921
38237
37272
36567
35881
35286
34552
33864
32921
32195
31518
30574
29829
29147
28415
27431
26704
26065
25334
24542
23752
22979
22255
21564
20828
20132
19473
18634
17913
17345
16533
16005
15346
14714
14196
13669
13148
12592
12066
11580
11048
10574
10167
9728
9277
8972
8653
8179
7903
7629
7418
7123
6858
6584
6408
6338
6068
6072
5814
5823
5794
5833
5805
5825
5818
5802
6074
6063
6190
6350
6589
6847
6876
7122
7491
7698
8137
8427
8737
9188
9485
10010
10505
10779
11322
11817
12344
12873
13396
13906
14563
15029
15744
16264
17068
17600
18312
18994
19822
20555
21239
21936
22648
23332
24041
30033
35964
35676
27333
27943
28720
29497
30311
31075
31893
32657
33457
34272
35032
35834
36209
36910
37791
38581
39305
40032
40728
41447
42248
43019
43809
44527
45197
45863
46617
47170
47830
48496
49051
49623
50370
50919
51456
51939
52556
53239
53644
54178
54695
54956
55464
55823
56271
56534
56945
57293
57585
57807
58081
58396
58591
58641
58867
58882
59182
59181
59174
59423
59410
59416
59230
59164
59181
59166
58895
58875
58578
58348
58353
58112
57839
57557
57116
56792
56507
56282
55727
55426
54981
54494
54051
53610
53114
52589
51899
51395
50765
50116
49551
48873
48248
47705
47046
46348
45620
44974
44326
43528
42819
42137
41393
40653
39833
39096
38348
37609
36707
35936
35635
34957
34009
33236
32568
31618
30880
30202
29248
28523
27846
26903
26144
25449
24763
24023
23262
22445
21687
20929
20321
19573
18920
18118
17586
16868
16111
15509
14960
14457
13854
13144
12716
12249
11588
11314
10782
10274
9783
9490
8966
8669
8425
7903
7636
7410
7119
6850
6696
6588
6339
6070
6073
6040
5823
5818
5824
5834
5804
5816
5817
5962
6068
6080
6348
6609
6627
6872
7114
7393
7640
7916
8437
8710
8937
9492
9738
10263
10783
11286
11580
12215
12629
13139
13764
14449
14921
15519
16074
16796
17501
18107
18898
19547
20332
20888
21674
22466
23233
24000
24646
25356
26147
26920
27732
28487
29257
30141
30810
31633
32512
33220
33990
34899
35569
35930
36710
37531
38321
39101
39865
40651
41341
42027
42760
43556
44313
44891
45627
46282
47004
47684
48251
48836
49558
50103
50684
51389
51853
52604
53094
53582
54014
54457
54973
55343
55767
56215
56546
56777
57051
57480
57850
58073
58231
58369
58629
58878
58873
59191
59158
59144
59186
59398
59418
59449
59163
59159
59161
58913
58899
58637
58620
58360
58136
57830
57595
57320
57038
56533
56279
55931
55471
55051
54632
54182
53752
53281
52586
51993
51551
50889
50347
49727
49083
48557
47848
47181
46689
45928
45330
44561
43788
43031
42257
41498
40790
40129
39423
38587
37781
37004
36321
35846
35069
34368
33442
32726
31947
31110
30311
29588
28726
27956
27207
26493
25595
24839
24142
23448
22745
22052
21333
20609
19849
19151
18360
17663
17070
16290
15783
15077
14664
13947
13401
12890
12343
11813
11303
10801
10528
10005
9490
9231
8852
8425
8155
7735
7579
7138
6958
6862
6584
6353
6240
6067
6071
5821
5816
5801
5839
5811
5804
5819
5814
6070
6073
6359
6350
6587
6861
7120
7401
7632
7905
8162
8547
8965
9230
9731
10067
10514
11034
11585
12086
12560
13149
13678
14184
14739
15284
15967
16542
17346
17892
18558
19354
20090
20773
21461
22239
22989
23757
22762
30328
15118
36856
26460
28382
29076
29804
30589
31422
32155
32943
33844
34560
35288
35777
36501
37244
38156
38851
39614
40405
41169
41944
42661
43371
44034
44838
45508
46183
46924
47491
48043
48737
49316
49915
50567
51157
51674
52208
52826
53373
53921
54358
54786
55237
55674
56010
56293
56785
57052
57316
57600
57863
58122
58349
58646
58686
58890
59104
59179
59134
59159
59426
59398
59448
59148
59174
59159
59019
58911
58658
58622
58390
58086
57845
57591
57324
57057
56764
56260
56010
55571
55226
54709
54290
53910
53401
52859
52221
51645
51165
50534
49809
49292
48646
48013
47484
46778
46101
45403
44689
44008
43306
42540
41878
41163
40363
39597
38788
38097
37252
36464
35684
35320
34532
33749
32938
32147
31338
30595
29788
28969
28285
27448
26644
25930
25185
24508
23761
22968
22186
21415
20703
20042
19334
18445
17850
17341
16534
15905
15245
14706
14217
13613
13151
12469
12036
11575
11056
10536
10014
9741
9238
8950
8492
8167
7905
7638
7384
7125
6864
6599
6338
6344
6072
6070
5822
5813
5807
5830
5824
5814
5800
5837
6090
6086
6338
6350
6590
6858
7067
7225
7636
7878
8162
8432
8910
9222
9547
9990
10537
10844
11338
11817
12345
12903
13408
14041
14728
15175
15781
16312
17084
17778
18396
19287
19826
20616
21384
22100
22837
23558
24247
24930
25631
26582
27280
27986
28721
29695
30366
31108
32073
32682
33436
34159
35026
35827
36149
36799
37761
38518
39174
39932
40694
41430
42218
43002
43717
44404
45109
45835
46555
47247
47741
48376
49060
49596
50226
50911
51416
51955
52590
53137
53660
54161
54702
54996
55501
55782
56255
56536
56815
57281
57562
57887
58143
58378
58415
58668
58913
58914
59170
59174
59177
59438
59406
59468
59383
59184
59165
59215
58872
58912
58646
58388
58337
58111
57856
57591
57245
56797
56535
56287
55762
55470
54965
54644
54148
53666
53138
52588
51962
51418
50870
50189
49569
49045
48353
47738
47146
46440
45758
45027
44368
43648
42954
42256
41459
40672
39849
39169
38488
37757
36770
36056
35768
35036
34110
33402
32695
31719
31034
30314
29318
28648
27958
26963
26299
25575
24815
24052
23221
22467
21775
21082
20367
19676
18942
18116
17602
16968
16261
15588
14968
14448
13910
13257
12830
12333
11675
11308
10767
10362
9892
9471
9024
8697
8445
7956
7615
7381
7127
6867
6802
6598
6347
6072
6070
6090
5784
5813
5815
5809
5823
5806
5809
5890
6077
6068
6344
6584
6595
6872
7128
7395
7627
7900
8382
8695
8964
9430
9727
10263
10765
11194
11588
12098
12612
13151
13688
14397
14827
15494
15994
16648
17375
18108
18818
19579
20332
20869
21690
22416
23113
23874
33284
29702
16293
19031
27351
28487
29257
30038
30731
31626
32378
33079
33949
34751
35489
35945
36707
37454
38322
39084
39819
40500
41223
41975
42775
43525
44330
44862
45634
46129
46939
47555
48249
48785
49369
50080
50619
51259
51729
52541
53030
53450
53897
54436
54952
55251
55731
56072
56534
56767
57051
57329
57781
57973
58154
58378
58636
58882
58879
59121
59183
59201
59142
59424
59433
59421
59151
59149
59145
58901
58891
58667
58664
58379
58089
57805
57584
57335
57069
56686
56278
56016
55471
55180
54714
54169
53867
53388
52694
52140
51644
50928
50359
49810
49120
48531
48001
47269
46686
45908
45384
44576
43845
43025
42363
41634
40930
40200
39521
38587
37842
37134
36456
35787
35123
34438
33462
32767
32083
31137
30432
29730
28752
28023
27321
26603
25671
24955
24282
23554
22819
22166
21402
20597
19820
19295
18377
17770
17058
16343
15776
15221
14724
14080
13410
12897
12349
11812
11317
10887
10527
10005
9579
9224
8948
8441
8181
7876
7631
7278
7059
6861
6602
6323
6345
6084
6071
5820
5808
5818
5815
5838
5810
5828
5804
6072
6084
6363
6351
6606
6869
7119
7410
7633
7923
8159
8456
8980
9236
9736
9981
10544
11049
11568
11991
12398
13137
13568
14206
14729
15245
15874
16530
17300
17897
18432
19299
19991
20667
21415
22215
22983
23755
24456
25207
25895
26641
27430
28241
28936
29778
30597
31367
32162
32926
33706
34539
35313
35695
36471
37252
38062
38777
39607
40401
41107
41830
42575
43252
43973
44648
45394
46076
46759
47450
48048
48629
49309
49830
50468
51150
51671
52225
52884
53388
53907
54223
54708
55232
55534
56025
56248
56798
57050
57310
57591
57793
58093
58353
58668
58620
58880
58956
59136
59139
59173
59450
59425
59438
59171
59181
59183
59122
58912
58746
58640
58374
58108
57814
57570
57351
57086
56803
56314
56000
55729
55228
54846
54379
53910
53407
52880
52241
51683
51179
50615
49891
49311
48799
48100
47470
46940
46160
45558
44818
44105
43388
42716
41962
41174
40424
39637
38892
38205
37253
36516
35846
35292
34583
33809
32916
32189
31461
30592
29815
29110
28383
27457
26692
26049
25368
24550
23780
22968
22225
21510
20795
20125
19404
18583
17896
17328
16539
15997
15301
14697
14211
13669
13149
12563
12124
11610
11031
10561
10095
9721
9252
8963
8580
8173
7904
7628
7391
7130
6872
6577
6355
6349
6085
6069
5812
5835
5812
5828
5814
5812
5822
5815
6072
6088
6237
6334
6604
6859
6930
7140
7529
7695
8168
8446
8816
9209
9503
10007
10522
10805
11314
11821
12350
12872
13407
13933
14603
15089
15766
16293
17066
17636
18339
19083
19826
20602
21322
21997
22723
23402
24094
31058
35954
32720
27424
27966
28743
29542
30308
31086
31925
32700
33467
34322
35031
35831
36266
36986
37768
38571
39379
40101
40749
41475
42248
43018
43820
44568
45272
45935
46722
47209
47801
48524
49060
49675
50367
50900
51522
51956
52589
53283
53695
54157
54708
55030
55498
55902
56301
56560
56998
57332
57604
57836
58086
58334
58622
58609
58873
58860
59164
59151
59153
59419
59407
59407
59221
59177
59147
59171
58890
58896
58657
58362
58336
58099
57837
57567
57084
56794
56558
56244
55734
55384
54944
54503
54072
53564
53084
52600
51899
51408
50729
50085
49583
48845
48265
47716
47015
46337
45618
44916
44355
43519
42796
42074
41366
40671
39865
39048
38302
37581
36698
35915
35614
34925
33974
33258
32513
31617
30810
30160
29229
28519
27784
26902
26138
25404
24703
24009
23238
22433
21696
20897
20332
19569
18907
18094
17561
16827
16136
15509
14945
14460
13833
13154
12671
12234
11587
11303
10771
10245
9761
9493
8973
8687
8438
7904
7637
7394
7111
6869
6650
6598
6346
6075
6086
6018
5813
5825
5800
5810
5805
5794
5819
6004
6086
6072
6342
6597
6631
6856
7118
7390
7642
7907
8434
8701
8957
9498
9751
10252
10788
11302
11590
12251
12675
13163
13825
14448
14973
15503
16108
16828
17555
18108
18889
19559
20311
20925
21675
22426
23231
24033
24711
25403
26126
26910
27781
28511
29238
30149
30835
31633
32498
32963
33958
34689
35354
35925
36608
37294
38287
39032
39729
40413
41172
41958
42736
43445
44230
44873
45640
46141
46950
47489
48158
48783
49288
50032
50617
51194
51691
52374
52869
53384
53900
54476
54918
55249
55710
55992
56417
56773
57060
57316
57681
57855
58095
58329
58644
58813
58888
59140
59148
59143
59147
59421
59416
59391
59187
59147
59157
58899
58932
58629
58633
58376
58060
57836
57598
57324
57041
56762
56252
55972
55509
55229
54674
54165
53891
53407
52801
52192
51657
51084
50375
49835
49250
48533
48025
47364
46709
45960
45363
44593
43864
43096
42442
41738
41020
40337
39614
38651
37989
37228
36466
35727
35247
34499
33595
32884
32152
31209
30517
29769
28833
28149
27418
26615
25742
25026
24345
23642
22961
22196
21406
20617
19854
19303
18363
17807
17165
16471
15769
15252
14700
14165
13445
13048
12347
11876
11470
10971
10514
9998
9655
9211
8972
8404
8156
7902
7624
7364
7127
6859
6582
6334
6349
6090
6077
5826
5822
5802
5829
5810
5812
5804
5811
6054
6077
6362
6339
6589
6860
7122
7359
7620
7896
8156
8420
8964
9226
9678
10002
10539
10992
11420
11815
12345
13041
13462
14166
14740
15255
15782
16436
17177
17869
18383
19301
19847
20597
21419
22206
22955
23663
23699
17341
23719
26195
29505
28134
28828
29781
30538
31200
32131
32885
33545
34528
35277
35716
36481
37206
37933
38612
39596
40332
40995
41724
42406
43084
43830
44586
45372
45932
46693
47358
48009
48507
49199
49854
50381
51084
51670
52196
52791
53393
53879
54190
54692
55210
55469
55982
56262
56753
57003
57299
57569
57826
58105
58366
58582
58611
58891
58891
59152
59156
59150
59421
59408
59379
59161
59133
59154
59146
58876
58869
58618
58339
58069
57827
57655
57295
57032
56807
56430
56021
55747
55206
54933
54386
53891
53385
52875
52358
51647
51148
50606
50025
49329
48786
48183
47472
46959
46172
45604
44876
44192
43499
42787
41968
41195
40349
39701
39022
38295
37327
36630
35931
35365
34691
33933
32973
32303
31582
30610
29892
29170
28468
27523
26834
26125
25324
24543
23749
23024
22351
21648
20886
20234
19507
18668
17976
17331
16556
15998
15451
14734
14232
13681
13148
12629
12079
11584
11111
10670
10205
9758
9330
8979
8684
8244
7920
7631
7416
7123
6850
6595
6479
6348
6067
6072
5824
5829
5828
5831
5823
5805
5835
5807
6062
6067
6090
6359
6589
6912
6879
7117
7449
7644
8034
8432
8693
9133
9477
9991
10486
10774
11313
11771
12357
12889
13378
13909
14520
14990
15685
16283
17052
17608
18237
18948
19774
20447
21153
21881
22537
23294
24023
24834
25608
26390
27072
27968
28700
29462
30318
31101
31836
32677
33451
34177
35026
35850
36182
36855
37787
38561
39237
39916
40701
41419
42247
43000
43757
44426
45129
45840
46583
47243
47740
48435
49058
49561
50246
50931
51444
51925
52584
53128
53643
54160
54659
54972
55465
55795
56268
56538
56851
57283
57602
57837
58076
58311
58474
58601
58853
58874
59152
59154
59142
59448
59403
59423
59346
59115
59154
59158
58886
58905
58620
58368
58380
58123
57816
57554
57165
56792
56531
56251
55695
55464
54991
54602
54150
53642
53138
52578
51916
51403
50848
50120
49572
49003
48271
47746
47134
46409
45693
45021
44353
43593
42936
42207
41460
40667
39861
39111
38409
37734
36753
36046
35691
34999
34042
33355
32663
31683
30991
30294
29273
28588
27900
26947
26241
25545
24781
24042
23239
22455
21726
21022
20316
19634
18900
18114
17600
16929
16231
15532
14980
14454
13914
13228
12780
12319
11634
11309
10787
10313
9886
9509
8988
8692
8442
7936
7645
7380
7131
6890
6739
6593
6328
6069
6091
6073
5828
5808
5819
5826
5808
5821
5818
5924
6076
6077
6343
6590
6593
6862
7124
7366
7629
7901
8419
8704
8970
9478
9741
10265
10792
11259
11579
12108
12638
13132
13748
14449
14874
15497
16027
16720
17403
18092
18863
19583
20339
20860
21672
22441
23200
23871
31841
29015
15919
19946
27545
28493
29277
30081
30782
31637
32413
33122
33994
34821
35491
35918
36738
37502
38290
39100
39849
40566
41239
42004
42743
43549
44339
44845
45649
46180
46980
47639
48271
48792
49468
50099
50643
51273
51808
52559
53077
53485
53914
54440
54974
55245
55741
56163
56548
56790
57041
57378
57790
58018
58184
58355
58632
58905
58889
59169
59135
59162
59165
59412
59452
59404
59164
59152
59173
58883
58876
58642
58616
58344
58088
57827
57595
57313
57070
56642
56251
56020
55483
55169
54645
54174
53826
53374
52655
52086
51642
50978
50367
49762
49074
48539
47942
47205
46689
45921
45384
44607
43821
43016
42293
41594
40882
40171
39485
38569
37792
37108
36436
35797
35159
34411
33479
32732
32052
31120
30341
29685
28730
27969
27251
26581
25613
24923
24223
23508
22771
22101
21388
20608
19827
19269
18392
17772
17072
16300
15774
15184
14730
14038
13414
12907
12355
11829
11331
10839
10535
10005
9536
9232
8883
8431
8144
7852
7632
7229
7066
6854
6592
6339
6321
6074
6068
5828
5827
5819
5811
5815
5820
5828
5801
6075
6087
6344
6332
6600
6870
7135
7400
7624
7903
8145
8482
8971
9220
9736
9996
10528
11048
11567
12024
12461
13144
13620
14192
14723
15245
15897
16543
17324
17871
18453
19297
20042
20709
21423
22196
22993
23743
24482
25192
25938
26635
27434
28272
28984
29786
30576
31375
32143
32783
33471
34447
35139
35802
36388
37142
37830
38568
39491
40179
40877
41592
42348
43053
43810
44577
45344
45887
46711
47201
47982
48544
49116
49810
50320
50964
51637
52080
52693
53369
53854
54160
54679
55158
55476
56025
56250
56678
57031
57317
57638
57802
58037
58355
58583
58623
58883
58886
59154
59132
59126
59384
59389
59421
59155
59146
59148
59131
58888
58901
58624
58353
58144
57999
57796
57357
57036
