27529
26362
22241
21955
19397
18617
15553
16097
15212
14455
14872
18256
17263
21415
23169
24662
25591
28270
30548
30780
29986
27297
26949
25915
26358
22683
21644
19857
20047
17595
18517
20584
19372
24100
24168
26570
29390
31516
32036
35826
36232
36056
35921
33613
33604
30901
30088
28604
27601
27352
26752
27142
27099
26633
29514
31650
35091
34987
37762
38029
40679
43602
42714
42055
41090
41088
39115
38470
36974
34413
34807
34110
34820
32935
35968
36675
38741
40866
41085
43593
45287
49104
49374
49332
49584
51387
50087
48306
47218
42580
41250
42013
41138
39804
40019
39457
40658
42442
44752
45480
48912
51785
53331
53839
55072
52489
55127
54456
50135
50332
47463
44430
44640
43549
42248
39597
41556
41294
41921
44716
47519
46510
48647
50202
51812
53782
53586
53641
51950
49704
49431
47280
43184
43218
40533
37609
36023
36626
37331
38850
39228
41001
42125
45089
44412
46690
47109
45844
46774
47149
42772
42104
38410
38902
34581
32102
30631
30014
30847
31832
29918
29693
33752
33511
34572
36612
39330
38359
39534
40521
38839
34892
33834
31720
30486
27590
25102
23416
21786
23627
22320
21313
21667
25968
23998
28732
29682
30058
31981
32744
32945
31447
30516
28960
26487
23959
20866
19913
18062
16835
15209
14671
15266
17164
17550
21479
22861
25399
25559
27919
27527
26681
29286
27235
25150
23996
23717
20198
19537
16307
16981
14000
14235
16671
15344
18109
20352
20452
24630
25090
28774
27013
30459
27651
30227
27354
26975
26000
24137
21775
19831
18244
19383
18324
20584
18154
21829
24523
24423
27507
30083
32311
31918
33819
34921
35112
34375
33170
32460
30029
28674
27999
26591
25214
26147
24458
25774
27957
30383
34155
34214
38767
38049
40883
41031
43242
44018
44206
40511
42188
39654
35720
35782
34355
33152
34610
33582
34182
36715
37456
38441
43364
43202
46912
49112
49961
49607
50072
49094
48804
46964
47470
44147
43359
42818
40108
39386
37800
41039
39986
42109
44588
45731
48186
49189
51716
52416
53639
54105
53962
52891
51920
51068
49768
46454
44425
42397
42925
41638
41408
41769
41764
42602
44008
48040
48709
51842
51171
51166
54475
53535
51866
51343
48366
46139
43489
42516
41288
39507
37197
38818
35662
37301
39324
40541
41231
44388
44672
44677
48390
48286
45048
45293
44910
42669
41002
39682
36456
32751
33121
31908
30254
30336
30113
29658
32883
33294
34583
35461
36406
40510
39936
38321
36530
37865
34105
34830
30456
29793
25431
23076
23428
22676
22422
21542
23475
23040
24553
26271
28740
30133
30780
31805
31737
30274
30919
28798
27375
26331
21790
21979
18413
16998
15110
17135
14572
15355
17955
20923
20070
24225
25387
24916
25692
27292
28785
26200
25696
25432
22503
21321
18275
17244
15290
14784
13896
14218
16967
16861
19588
19613
24977
25064
26444
26833
28029
29471
30174
27937
27100
24335
22979
22929
19705
18577
17143
18297
17127
18987
21327
22298
24493
28242
30965
30037
33651
34792
34250
35395
35304
34117
32518
31449
30225
28833
25966
27120
25524
27058
27093
29045
30568
31716
32968
38130
38718
40412
43195
41645
42084
41388
41118
41898
40215
38498
35552
36628
35132
33482
34429
35695
34337
37331
37700
40274
44172
44332
48520
49976
50073
51117
50153
48215
49201
47563
44065
42419
43855
41253
41211
40281
40345
39587
41429
42079
43477
48242
48783
49704
54512
54823
54102
55250
54065
51157
49128
48474
45586
46341
44593
43842
40605
40337
40831
42131
43605
43481
45189
48983
50018
51394
53177
52817
53046
50615
51695
47926
46252
44385
43693
42101
40262
37997
37152
36668
37161
39347
37937
41686
42925
45955
45216
48564
48602
47630
46126
45208
44281
40720
37395
35763
33854
32242
29358
29875
28475
30472
30942
32416
34270
34514
35364
36237
37434
37458
39209
36983
35914
36364
32649
32213
30001
27929
26290
23631
22067
21789
21559
23051
23191
24805
25759
27216
30257
30242
30990
31166
31603
29566
29966
28850
23873
23722
20873
20150
17030
15717
15781
16713
16651
18059
19558
20854
21989
23409
25489
28158
28136
26909
28699
25840
23881
23091
23203
19400
16676
16043
14002
16169
13564
16024
16535
16917
18552
20504
23838
26119
26586
28776
28418
28454
27717
28675
27665
26373
24073
21730
21285
19011
18039
17277
17691
21011
23222
24719
26017
29929
31025
33668
35348
35347
34361
35788
35073
31854
31209
30460
28946
26548
26969
25250
25933
25811
26537
27964
32425
32754
35503
37275
40734
41873
42609
41750
43713
41377
40245
39753
38833
36689
36862
34466
33384
33669
35154
35490
36097
38465
39889
41633
44377
45346
50539
50135
49820
51723
49417
50721
46833
46500
44501
43481
39747
40414
40218
39597
41368
40390
41638
44002
47190
48477
51122
52314
54455
54974
54833
55574
52971
52506
48795
48326
43972
43008
41295
40978
40273
40344
42754
43189
45979
46131
47143
50775
52959
52379
52879
52087
53021
49900
49833
47862
43804
41973
41014
37458
39707
38662
36125
37734
37923
39123
40952
44251
43402
44443
45625
47531
48872
47109
45588
43577
41755
38657
37192
35286
33053
32581
31719
29984
30606
30915
31546
32658
33670
35275
37728
38472
39589
39050
39250
36845
36592
34053
32129
28013
27667
25226
23438
21775
22629
20436
21583
23419
23131
25991
27428
28777
30902
30742
33570
32467
31946
29839
26843
26294
26121
20961
19624
18429
15953
15797
17682
16853
17465
17257
20684
23605
25458
25535
26262
27247
29113
26587
25757
24417
24572
21159
20807
17325
15780
15807
15716
14124
14666
15229
17006
19945
21488
22479
25609
28027
28569
29527
30381
29645
27671
27086
24685
22109
20438
19896
18518
19116
17220
18082
20224
22121
24157
27497
29246
31629
30363
32530
35115
35873
36109
35865
33352
31099
31742
29545
28969
27119
27352
24582
25526
28233
30192
31117
33438
35191
36766
37430
39909
40650
42081
44694
42815
41480
40237
41132
37511
36594
36791
35137
34707
32484
35453
35097
37289
38335
41807
43756
46468
47947
48734
48703
52030
50856
51123
47643
45667
43988
44158
41213
39034
38784
40150
38813
41198
42235
43747
46858
47413
49470
50469
51365
52583
53817
54269
53973
52632
49157
47648
44875
44122
42976
41246
41043
40813
41091
43595
44373
44645
46458
47361
51208
52509
50732
53221
52131
50280
51123
48657
45915
43208
42662
41009
39413
36253
38073
38105
38857
39888
40254
40209
44464
44237
44508
45792
48019
47484
47921
43022
41505
39892
39175
36807
34093
33327
30296
30044
28711
30416
31142
31346
33909
34257
35758
35979
39544
40616
39546
36704
37738
36003
33205
31093
30312
28209
23335
24042
20525
21256
20961
21948
23572
26595
26425
27452
30308
32216
30638
30328
32470
31232
28165
26606
24959
23034
20490
20343
16188
15399
16881
15847
17671
16754
18779
20023
22061
24761
24551
26329
29511
27902
27692
25652
25357
23104
21910
20506
18433
17487
16758
15624
15073
16162
16856
18518
19725
21154
24406
28251
26956
28059
29049
30436
27766
28069
24581
23489
22257
20330
20654
19557
19169
19696
20352
19900
23281
25283
27382
28887
30922
34730
35196
35193
35246
35286
34035
33396
31921
30766
29477
26181
27455
25442
25691
27674
28347
29429
30678
34354
35592
38530
39768
39931
41799
43772
42052
41906
42013
39631
37904
36629
34908
33359
35322
34881
33420
35405
37028
38732
39296
44366
45477
46729
48686
48911
49226
49392
48082
48731
48929
46187
44243
42869
39490
41350
40413
38807
40823
43189
43404
44304
46237
49100
51051
51954
52092
53467
55172
54776
53084
51172
47449
47976
43610
42761
42756
42352
42283
42585
42107
44122
44219
46008
46644
49617
51094
53936
53436
53079
51787
51982
48987
47385
46686
41323
41166
37883
36947
37423
37587
37285
39144
40208
42524
41706
44453
46918
46773
47476
46751
46804
43449
44900
42265
38009
35885
35451
31568
31218
30273
29849
29465
30604
32108
34185
34102
36607
36354
37289
37298
39398
39564
35965
35142
33477
31101
31437
27775
25783
22013
22922
22366
21355
22931
24596
24260
25080
28628
29398
32060
30910
33100
33554
32393
31285
27653
25483
22786
20315
18360
18780
17029
17731
17212
15046
17312
19220
19529
22979
23718
26428
27582
26870
27383
29505
26611
25075
23425
20715
20560
17992
17386
14457
15316
15283
14735
17822
17962
20430
22238
25546
25767
27547
27540
29202
29371
29660
27704
26766
23128
24076
21860
19934
19891
17089
17590
19331
20480
21745
25180
27201
28075
31634
32270
33926
33847
35510
33693
33535
32042
32443
28427
29117
26692
25288
24350
26727
25684
27915
28679
29702
34678
36081
36207
40813
41442
42949
42185
42332
44207
41306
40623
38188
37433
37224
34884
33303
32524
33349
34083
35150
39796
39567
42421
45726
46992
49177
50450
50079
50212
49472
48998
47034
46198
44179
42654
40358
39547
38545
39773
41659
41963
42847
43969
47043
47993
49892
53802
52612
54746
55503
55556
52619
51770
48028
47854
45416
42330
42283
42605
42223
40037
40321
41845
43087
46791
46625
49387
52094
53153
54257
52019
54211
51926
49337
46894
44927
44811
41487
38926
37461
39149
36910
36355
37995
40063
39810
43143
45744
46739
45861
46210
46962
45257
46111
43065
40714
38418
36462
35736
32390
32265
31125
28900
28820
30241
31340
33812
32661
34017
37397
39492
40122
40139
38688
38360
37147
34122
34178
30557
27493
25322
23975
23936
22362
21860
22009
23925
23297
25558
28436
28548
29988
30592
33052
31757
29551
31184
28492
27074
24452
20976
19556
18965
17858
15417
15517
16059
17429
17993
20218
23216
24095
25803
27569
27244
27862
27522
27131
25798
23827
21912
20642
17500
16548
14998
14760
15865
14379
14577
17291
18561
21326
23906
25986
26762
30497
29066
31031
29084
27134
26620
24981
23033
22264
18842
19948
18131
20119
18496
20981
19864
22779
25978
26809
28755
32840
33337
34441
34842
35942
33278
33995
32851
31939
29652
27120
25999
26454
26134
26154
28743
27537
31600
31544
35537
36937
37386
41135
41555
43615
44139
42675
42124
41802
38624
38112
35506
35278
32772
34837
34598
35511
35891
36336
39121
42780
45085
47144
47154
50839
49563
50072
52150
49278
47242
47561
45402
43223
42843
40874
40404
40774
40136
41489
40936
44581
45982
47691
48916
53449
52120
53797
55849
54968
54400
52418
50557
48837
47119
44462
42703
42750
41616
39632
42040
42621
44270
46354
47730
48896
49936
51547
54076
54608
52731
50357
50612
49597
45377
43984
43116
40919
40563
37012
35881
37520
38630
38775
41049
43033
43294
44294
47162
45817
47434
47900
47524
43996
42177
41903
39059
35967
32850
33755
30145
31436
30135
29680
32905
32591
34136
36137
36933
38243
38170
38737
38717
37751
36824
35694
34069
30192
27007
25797
23317
21713
23280
21585
20857
21898
25047
24085
25286
28008
30645
30934
31707
32803
31991
31000
28130
28610
24780
22379
19322
17315
16484
17717
16841
14849
17212
18003
20638
20823
24302
23675
26006
29490
29556
27230
27676
25201
23847
24509
21450
20011
15814
16697
15620
14994
15916
16000
16249
16899
21884
22611
26385
25591
26716
30090
30500
29311
28604
27330
26235
25506
21976
21540
18200
17329
18131
19183
19972
19452
24319
25610
26062
30172
30098
31406
35890
34120
33999
34193
33990
32497
31293
29031
29463
25609
27351
25094
27686
27180
26975
30766
32142
35230
37074
39347
38776
42588
42427
42807
42117
40649
42012
39229
39601
37290
35435
34762
35128
33245
34395
35397
36571
38362
39484
42946
44282
45758
49609
50340
52303
51096
48755
47690
47980
45926
44413
41527
40753
40169
40653
39655
40488
42604
43205
43495
46365
49512
50899
53132
53647
53841
53043
54702
53347
49387
49214
45332
45139
44977
43308
39406
40325
39601
43008
42469
44109
47265
48446
49261
50400
50936
51871
52712
51027
50232
49598
47684
43868
43187
40194
38038
36949
37101
35910
37563
38969
40685
41292
42344
44920
45481
47309
47850
46656
47754
46429
42065
41182
38635
36584
35961
33223
30280
30834
30653
31348
29522
30058
34229
34426
36301
37856
39578
37374
38505
39557
36516
36251
35109
31728
28782
26334
24046
22726
23292
20685
23096
22266
22672
25068
25258
28843
30417
30072
30166
32230
32731
32285
29605
27355
27604
22111
20201
19480
18641
16412
15706
14648
15108
17397
19566
20384
23318
23586
24906
27053
29123
28557
28817
26451
25847
24955
21518
18742
18435
17642
15810
16334
14094
15174
15431
17731
21034
20591
25691
26246
28377
29905
29571
29455
28469
26477
27635
24433
23041
22620
19388
19765
19643
17881
18565
19189
20880
23681
26299
28413
29699
32224
32398
35722
34760
35372
35215
33564
32663
32195
28856
27223
26980
26183
25855
25975
26550
29607
30954
34024
35996
38422
38056
41621
41388
42780
43828
44186
41266
42435
37592
35716
35726
34378
33108
32622
34277
34962
36768
37614
39648
43732
45471
46357
48236
51492
50863
49812
50406
48633
47062
47233
43593
41972
40813
39926
40802
39013
40627
40646
41253
44440
46104
48021
49085
53094
54128
55553
54706
54586
54536
52736
50321
46079
46960
43548
41140
43388
40471
41150
41195
41437
43957
46916
47779
50773
52377
51623
51260
53823
51545
51462
50947
47810
46000
44408
43390
40860
37264
37966
37702
36094
38473
40565
40008
43589
42997
44050
47893
46155
46143
46345
46970
44026
41774
39275
37275
34737
32634
31541
30944
29391
28558
30366
30676
32919
33773
35609
35662
36833
40093
39667
38854
37454
36497
33062
32831
31681
28354
25827
24397
24418
21386
22629
21195
22911
22900
25984
27943
27768
29896
30575
32475
32412
30073
29933
29400
25024
24718
22573
19798
16765
16207
16097
17782
15554
17305
17171
20746
22726
24654
24836
26514
27770
27601
27269
28496
25045
22811
23696
20882
18310
18820
16067
16855
15970
14185
15447
17693
20090
20419
25409
24862
26771
28735
27731
29469
30384
27480
26269
24227
25407
22994
19880
17951
18755
17432
17776
20689
22924
21651
23815
26938
31273
32438
33573
35503
36128
35850
34888
32493
33840
32128
28978
26626
27332
26402
24574
28014
26601
29414
31391
33643
35361
36645
38149
42153
43760
42088
41552
42463
41514
42094
38406
37492
35920
35106
35765
33462
34125
33889
36381
37903
38513
40890
44953
46056
47640
49367
48627
49007
49355
50422
48337
45427
46152
41940
43711
41632
41634
39111
39077
39596
40662
42930
45287
47993
49941
50481
53008
55452
53327
55270
52799
51647
49255
48907
47882
44260
42610
42758
40093
40031
42312
41233
43833
45868
46121
47658
50035
51368
50966
53212
52227
50958
50098
48333
46855
44810
42288
40219
39175
36672
37750
35930
37477
38705
39823
41218
43898
46503
45885
48546
48619
46746
46133
43916
43370
39397
37238
35824
33574
32588
30425
30449
29278
31894
31013
32053
34007
34761
37197
36455
40132
39033
40140
36530
35497
36395
32506
32703
29045
27718
24411
25020
22827
21450
23174
24026
22519
25361
25953
27794
31544
32991
31189
32985
32340
29738
30258
27096
24559
23754
22208
19580
16887
14961
16049
16060
18229
17537
18173
20825
22525
25068
25153
29305
27333
27573
28069
25878
25904
23923
22157
19883
18494
15871
14733
13392
14095
16455
17716
17711
20592
23026
24992
26014
28788
28896
29980
30762
29215
28450
25009
26016
23265
22072
19149
18230
19385
18772
18603
20967
23767
25540
28140
30385
29713
32674
33492
34194
34892
33838
34119
32204
32142
29145
28896
25907
27210
26292
25392
25675
26747
28247
32751
35208
36506
40084
41671
41086
42970
43366
43396
42174
41832
38432
37246
36113
34970
34837
35291
32285
34808
34612
36886
37909
39631
43601
45683
46783
50108
51092
49282
49292
48780
49184
47895
44814
44189
42792
39613
40484
40569
39607
41329
41979
41650
45921
47095
48218
51060
53072
55162
54027
55335
53481
53130
52504
47363
46155
45676
43330
42503
41430
40255
42497
40925
42664
44741
45903
47302
50662
52240
51757
52306
53400
53457
50950
50103
47895
45270
44298
42340
38794
38046
37620
37652
38530
38999
39485
40951
44358
44232
44995
47650
45778
48399
46589
45578
43114
39694
40516
36533
34603
33669
31881
30215
29420
29665
31636
33251
34784
35315
35276
37293
37829
38905
40062
38631
36308
35672
32671
32281
28916
27871
26399
25540
20750
22152
23729
21643
22887
24527
25445
27181
29010
31516
31462
32280
31070
32045
29486
28639
26457
24499
21506
20743
17547
16113
15991
17596
17155
18075
20216
22291
23379
25727
25670
27564
28349
28654
26466
27026
25914
24627
20181
19937
17516
16684
15580
14283
13528
14373
16113
18822
21268
22305
25422
26988
28543
29979
29547
30928
27109
28756
26468
25297
23393
20269
21059
19917
17036
17702
20437
20095
23943
25290
25510
29216
30984
33254
34900
35794
35372
36156
33956
34918
30640
30318
29529
28981
26695
25430
25274
26099
27597
28595
30816
33267
34310
36313
37772
40443
42599
43210
42767
41781
40410
39406
38140
37241
35415
35757
34581
35662
32713
35956
36415
38004
39061
41416
44175
45182
48586
48158
49548
49484
51744
50823
47620
46235
43068
41692
42565
41003
41397
39962
40419
40023
41645
44573
45886
47484
49880
53799
53570
53559
54834
55630
54009
50303
49814
47932
45579
42979
43855
42069
39639
42408
41008
43860
44735
46557
46834
47959
50916
53253
53666
53851
52765
52745
50739
49922
47205
43128
42973
39257
39354
36088
35883
38294
38660
40349
42068
41232
43839
46437
46851
47934
45703
46552
47524
42793
42180
38924
37627
35687
32097
30741
30768
30550
31135
32154
30108
33909
35567
34113
35901
39227
38855
40132
39421
38868
36409
34096
33702
31556
27974
27678
23776
22110
22104
22524
21442
21888
25434
24654
26750
29355
30715
32343
30355
32427
32153
31035
29414
25730
25925
21815
20221
17469
15307
14930
16523
14592
17635
18737
21611
22098
23895
24427
27665
26270
26915
29132
27871
25711
24849
23857
19205
19406
16641
17088
14419
14151
16518
17361
17578
18427
21204
23364
25351
26961
26904
29874
30365
29835
27763
26562
25410
23609
21834
19841
18025
18253
17775
20825
18798
20924
23305
24423
26374
28441
32194
32795
34240
34627
35597
35205
34659
32933
29612
30563
28359
27881
25278
25802
24772
27255
28582
30804
32816
33228
36852
38053
42281
40612
42887
44318
43023
41632
42919
40371
37275
35587
33813
34353
33129
33285
33342
34472
35803
39226
41705
43650
46390
47463
47606
49134
49481
51819
48623
49054
47509
44719
44948
43591
39582
39886
40185
40264
40684
42643
43637
44754
47179
50463
51786
52593
53654
53097
54361
52831
50368
51175
49675
46334
44191
42092
40948
42801
41930
41970
41548
43958
45478
46979
47583
50701
50469
51940
52308
52908
52671
49794
49419
46343
45318
43428
41738
38748
36555
38745
35997
37486
39375
40405
41359
42462
45242
44467
47791
48731
45476
45130
45873
43944
41952
39420
36535
33033
32809
31136
30105
28383
30505
31452
32701
33122
33838
35097
36676
38342
38295
40247
37813
36181
34997
34651
30929
29806
25664
23899
22329
24132
21293
23031
23543
24096
26381
25337
28467
30670
31171
31028
32896
30117
30923
29975
27878
26223
21652
19790
19401
18030
15989
16914
15753
16085
16871
19422
19494
21482
25212
25773
26120
27058
27835
28533
26556
25430
22641
21824
18890
15852
15632
13352
14299
15135
16319
16626
18733
19503
24045
24820
26807
27009
28595
31145
29951
28945
27631
24757
22690
21833
19879
19041
17587
17833
17038
19443
22242
22581
23924
28128
29198
30389
32538
34129
34759
36568
35836
33954
33356
30147
29780
29781
26136
26938
24989
25737
26953
28195
28011
30868
34244
37332
37629
40014
41806
42017
42673
42842
41682
41264
41173
38978
36133
36906
34600
32831
32959
35076
34249
36627
38937
39371
43334
43901
48607
50353
50531
