57436
59810
60192
58158
60508
58832
60922
59653
59875
59999
63972
9353
8583
12306
8039
11437
9284
13283
10976
8400
10845
9397
12127
11527
10279
10610
10641
13623
11629
15938
15410
15911
17297
16641
14205
13239
12789
17865
13976
15684
14975
14068
15314
15768
18491
19652
17736
16562
17778
16253
21398
18048
17597
20915
17307
19458
18605
18477
22777
19635
20208
21448
21758
23284
23936
20503
21819
23735
23964
24463
26734
23519
24526
27681
25022
25650
27589
27130
24913
27263
24118
27686
27971
24180
25510
24789
27101
30544
28266
30759
31477
31210
32118
28235
32147
30344
31998
32113
33033
32613
28916
30684
30553
30347
34523
34784
34203
32582
34658
34820
33388
32493
36037
35219
34275
36631
36301
33497
38035
36438
34120
37527
37144
35198
35555
36493
36956
36910
37225
37624
38813
38055
37776
40017
40756
39864
39973
43355
43488
40713
39852
42470
42988
39749
45118
41787
43917
44386
43665
41615
42544
43556
43574
46512
46579
45684
43106
45401
46509
45760
45954
47302
47456
47780
46271
47545
50233
50341
50445
47297
47119
48259
51237
48787
50535
48601
53299
52887
50076
53632
48602
50063
52322
54108
51301
53389
52987
53203
54997
55538
53815
52450
53260
53794
53759
52664
53674
54932
55155
57103
58071
56675
58685
58106
57762
55600
58970
56788
61704
58100
59240
61798
58776
59492
59301
61071
61063
61156
62295
58755
60326
61556
61806
60846
12802
7329
7784
7722
8236
8210
12728
13701
12215
11468
10178
9632
13335
11990
13952
12722
12985
13226
14085
13010
13839
13274
15339
12530
16688
13353
17796
18006
17821
19360
17598
18784
17847
15944
19045
15452
19046
18270
18805
17470
19003
17739
22706
19484
18805
20426
19771
22172
22753
20091
23154
22890
24134
22295
22977
21044
21363
22714
22989
23840
22955
24699
25109
23432
24981
22892
25296
27996
25609
26631
26380
28861
26103
28278
27706
29858
30383
27463
28503
27850
32489
27547
31346
31471
32672
29779
32300
29067
31837
28493
29865
33304
32913
31893
31607
35230
34414
32033
35870
34682
36066
35202
33058
32857
35612
32897
34096
36914
35314
35444
35693
37129
36107
37972
38470
40621
36206
38033
36349
38960
40273
39761
40124
41121
41370
42880
41650
41037
42302
40712
42652
42266
39584
42398
44710
40849
43304
42879
46016
44612
43813
46180
44534
44995
44887
42941
46974
42857
45867
43783
48390
48711
47598
46567
49635
49175
48072
51312
47005
47472
48659
47022
52049
48412
48505
49404
50251
53119
49557
50016
52667
51546
53745
53260
54466
51496
52907
52683
54294
54295
55320
54209
52263
52186
53017
54289
55541
55646
55931
54024
58021
53891
57876
54754
57998
57478
59515
56750
59758
56533
57499
58903
58321
62009
57985
61845
58579
60585
59967
63146
63150
62129
61520
60729
8515
10883
10913
10292
9577
12094
8802
9410
8360
12576
9717
11992
11693
11944
11829
15818
15467
14310
14335
13456
11647
14179
14516
16767
15193
17091
15803
13558
16129
15924
14671
17003
18776
20503
20047
16136
15616
17317
20741
18513
19152
18252
19201
18348
20294
20926
20882
19518
20870
23556
20278
21659
24951
21281
23440
22865
21540
23610
23236
26391
24635
23314
26721
26668
25032
22816
24476
26855
26098
24814
26630
27999
27592
25655
26403
30820
28363
26708
26039
28277
29779
26959
28608
28989
31033
28615
29993
30802
32792
33415
31050
29828
31852
35244
32404
35789
34878
33549
32889
35040
33862
33161
35254
35302
36568
36736
33520
35083
36901
34437
35660
38006
35603
36061
37958
40327
40894
39051
39713
38482
38188
40198
38550
39358
37871
40682
40990
41873
41764
40190
43033
41173
43379
40657
44053
43938
44545
42998
42102
44495
45063
45670
43535
45715
44222
46485
44375
45200
46392
48556
46339
46265
49133
46642
44525
45857
49781
49261
48205
51354
49784
51919
49662
47828
51249
50348
50570
51381
50285
48437
49544
54387
52711
52835
52873
53718
55858
50862
50526
51957
56619
52884
54787
56489
55650
53090
57136
55667
53967
54812
57358
57386
57029
55402
56751
60680
59621
58483
59150
61691
58432
59092
59450
61678
63370
58914
62889
59196
60595
64011
60096
61536
61297
11643
9366
7968
12898
11454
7915
10576
8687
11088
10427
12316
11438
13235
14254
10781
14552
10036
14191
15508
12286
15895
13132
12366
14706
14725
15628
14274
15779
16823
16863
16250
15482
20006
15901
17403
20341
16782
20683
15901
18312
19999
20509
19604
20260
20492
19400
21727
18883
21800
24610
18486
24776
22104
20920
23563
22170
24889
23313
24072
25930
24784
22115
25533
25639
27460
27625
26790
24212
24484
28872
26814
29125
26157
28676
29690
29388
25487
30428
28111
29368
29385
27306
27551
30383
29484
29545
32833
32214
34147
29279
32743
33440
30849
34147
31597
31400
35528
33060
30714
33912
35485
34681
34073
35638
35062
36111
34993
36100
35691
35583
37930
36811
36617
38589
36666
35008
40482
40595
39891
41024
41622
36861
37133
40753
37714
37394
40439
41603
42212
39804
40374
44290
39360
41779
40654
40253
41086
41114
46146
40925
45963
45664
45858
46124
44087
46463
47890
46849
46596
46825
45943
46700
48161
45295
48465
45442
46615
47978
48607
48830
49169
49854
50836
48598
51971
52479
50530
49292
52011
50854
49784
50493
52634
51107
50083
52322
50593
56145
53762
53406
56928
56739
55012
56701
53890
54012
58781
54061
54089
58339
55780
57438
60186
59626
57279
56332
55281
59134
56556
61051
59969
62171
62535
60240
60011
61018
61924
60947
63331
60902
62261
62143
62410
30621
8719
8563
12799
12018
9984
10753
10267
8144
12052
12356
13782
14925
12960
11802
10743
13503
14636
11287
11397
12597
14123
16666
13375
16608
18473
15451
14894
15145
18259
15305
17597
16715
20702
16608
15756
19790
20487
16257
16915
15965
19712
19252
17639
22646
18377
19321
19668
19737
22534
19133
21709
23091
22995
21666
21201
22082
22192
22783
23516
23064
23558
24687
23881
24325
24262
26539
28195
26163
25044
25327
27054
25552
28230
29211
26800
28962
29571
26031
31053
28832
31045
32072
32115
27120
27469
30189
30188
30066
31945
32352
34401
30197
30156
34933
34933
32400
35815
31934
35207
35670
34657
33288
33031
35361
34612
34077
35707
37638
35400
37975
37194
36024
37053
35655
40699
38310
39101
37080
36804
40274
40287
40713
42785
42704
37950
39580
42115
41681
42005
41388
44219
39080
45157
44288
42791
43657
45166
42495
45249
42886
45182
46427
45638
45228
45443
44916
47771
44921
43552
47070
49124
47344
49468
47297
50054
50419
50726
47692
51075
46611
50795
47859
52075
48262
51681
47908
52875
49696
53201
51171
52904
51377
52887
51443
53513
55341
53021
56326
52467
51928
56096
55971
53285
53139
55665
55212
56316
55509
55697
56702
58000
55426
56832
58381
56171
59339
59279
56372
56598
59277
60367
60012
61236
60482
62228
62873
62093
63744
61115
63929
62959
62777
63159
11186
10231
8921
7876
9324
11822
7850
10638
10971
9021
11915
13120
10163
12685
14292
13958
12485
10545
12908
14403
13777
14616
14246
16369
12819
16104
17440
17255
13081
13851
18744
18625
18740
17214
19570
20004
18316
20402
20885
18307
18146
16906
20705
19235
18426
17739
19466
22603
22029
20705
19852
23351
25230
25507
22967
23515
21682
25786
24841
23911
23096
27287
23275
25774
26169
25373
24749
24270
24743
28402
27015
24753
29733
28165
27656
27595
30703
30238
27901
28108
32222
28853
30782
32786
30481
31886
28408
33576
32745
32004
30626
33799
31737
30041
33031
33113
30862
34652
31810
36617
34091
33567
33319
36465
37136
37224
35673
36883
34277
39043
37107
34591
35067
38079
39178
37775
38516
38611
41545
37817
38171
40081
39488
37767
42324
42509
41112
38898
44132
43690
41541
40065
41243
43256
44884
44718
44373
44778
45569
46513
43652
42760
45309
45033
47567
45130
44647
49156
48457
46484
47978
46222
47813
47235
46969
48082
45251
47775
47325
48012
48440
46883
49538
48238
50382
49347
53301
48757
52198
53732
49235
52456
54927
54284
52264
52621
53832
50825
56591
55382
56723
56513
55452
55889
55681
56873
56036
57783
57801
56046
54266
58563
59308
59714
55174
59967
57269
57065
61716
61004
60180
57763
61000
58671
57943
60566
63009
60036
61908
62267
61093
62256
60536
7307
9806
9890
8478
10850
12124
10587
9406
10862
11407
11959
12493
13867
11220
14916
11561
12807
13881
11844
15625
16758
14852
15655
13746
14474
13394
16929
17900
15911
14708
15382
15394
15513
17836
16402
17210
16408
15942
20616
16853
18446
19889
20739
18419
21888
20040
21231
18713
22093
20823
23196
21875
24766
19978
22513
22595
20598
23493
22735
24240
21736
22259
24456
24382
25144
27667
26821
24299
26466
28549
25982
26653
27780
26011
29267
26821
28770
27198
28599
29958
29762
29061
31252
32527
28181
32981
32028
31359
32301
28502
30115
29559
35446
33137
32150
31431
34493
31664
31698
35443
33186
32255
34267
34494
32720
34569
35412
37532
35842
36683
37954
39743
37308
37539
34704
35774
39567
37640
38003
39811
39393
38421
36648
38979
42560
41460
41070
42119
40113
40465
40076
40339
39600
41092
41532
40902
43130
42692
42510
43594
42820
43873
44758
43287
42412
44417
45202
47928
44847
48299
44104
46235
45829
46526
47186
48760
48060
47189
47927
50780
49041
49367
48397
49251
49249
48735
48384
51412
53266
51352
53055
53167
50689
52250
51100
50725
52720
55055
52663
56736
53839
56702
55069
53175
56316
57348
56160
54997
54544
57458
58295
55196
56642
56834
59359
55251
56997
59695
61137
59424
60236
58383
59591
57838
60341
58462
61812
61382
60519
59254
62943
61238
59672
56975
9863
9836
10419
12468
11361
9343
9840
9247
11682
12427
9902
12400
13523
12125
12337
15040
11195
13747
14462
13511
14619
11240
17260
16794
16208
15029
14234
14499
16886
18633
16534
14981
19801
19724
18834
16268
19101
20178
20197
20605
17377
20342
21089
19001
22665
19255
18883
20412
18756
19662
21014
22296
20448
24360
23237
24146
25011
26153
21864
22537
21875
25433
24344
26815
22686
26438
23526
24421
26398
24327
25420
29194
25366
25144
26052
27786
29953
30536
25924
29791
29490
27858
31303
31811
31941
28277
31899
29416
29918
29920
32122
30418
32066
33402
34630
34487
34849
33499
34424
36349
34252
36980
34771
35846
37222
35862
35133
36799
34377
38565
37622
37573
35490
38249
35517
37411
39812
38917
38169
36750
41217
42136
38871
41458
37965
37256
38668
40647
38157
41794
39941
42541
43685
44023
41478
42405
43336
42084
41602
42004
44660
45589
45553
46201
47904
45976
47019
43900
45858
44129
45296
46206
48122
48205
45429
47257
49249
49765
48971
47691
46822
51818
46864
52389
52228
52779
48648
49837
51427
53065
49266
52204
55298
50834
50803
51746
53100
51758
54442
56482
53031
54402
53859
57130
55762
55058
56546
53748
58123
56277
55091
57224
59120
60200
56904
58851
58146
56695
57287
57839
60980
60000
60947
62165
63078
59839
60116
59550
60619
59762
61326
60948
61480
8616
9728
7178
9047
12437
9441
13329
12066
13888
11136
10952
10549
11455
12238
15228
10397
14574
12208
15706
15212
15067
15666
15676
16110
12715
13433
14789
16330
18002
17652
18278
15707
15670
16679
20050
20073
16610
19206
19544
18665
18603
19009
19616
21931
