8183
8907
9144
10670
11063
12106
9952
10435
12385
13284
12702
13430
11981
12652
14485
14751
13396
14245
15028
15470
16897
18382
17556
17907
18686
22444
20622
23169
23750
21489
24275
25065
25511
26330
27334
26642
28601
31714
31527
32119
31867
33105
33854
34333
36576
36475
37586
36447
37732
39927
39205
40661
41602
42953
42559
43341
42394
42540
43749
44633
48382
47021
46457
47700
49289
48487
49676
52453
52312
51490
54994
53021
56439
56315
56178
57637
58604
57358
57232
56234
58704
59202
59309
57887
59369
60316
59990
60769
59254
62801
60570
61406
61756
61079
62053
60510
61651
60347
61802
62137
60318
61229
61075
62917
63183
60176
60661
60131
61688
60837
58312
58232
57512
58238
59348
60145
57748
55263
57264
57458
56107
56269
54695
53619
53816
54669
53724
52942
51517
50101
51003
47393
48610
47518
45799
48343
45403
43887
45503
45024
45004
42772
41745
41997
41297
38784
37521
36488
37169
35631
37084
33028
35263
34355
31288
30924
31085
29788
28032
28476
28938
28055
28195
24320
23333
23296
21726
22414
22353
20606
19792
21443
21350
18727
16474
17980
18265
17262
16445
13457
14767
14519
12124
12086
14315
10192
12495
12529
10661
10197
9906
10068
8960
9281
8427
9778
9110
7610
9773
8815
9990
8665
8624
8184
9592
7893
8921
10195
9937
7267
8655
7906
8886
11336
10685
9067
8764
10040
11093
10841
10716
12071
11454
12913
12099
14092
15411
14075
15235
14537
16236
16415
16650
15034
17660
17740
17731
18875
20641
21949
21607
23058
24223
23553
26012
26045
28332
26045
26833
29073
31237
29263
29254
30600
32164
34963
34117
34012
36566
37656
35497
38715
39199
38678
40397
42160
40856
42810
44370
43657
44154
44479
45183
45343
46526
49913
46522
49843
52417
52429
50314
52003
51739
54310
54723
52343
55896
54488
56080
57156
55251
56013
59154
59087
58171
58136
58254
59903
58415
58018
59402
61814
62510
60236
59345
60197
60726
61527
62146
60289
62438
61149
61146
59848
62520
62281
59892
60594
63161
63069
61786
61039
58514
61264
58378
59035
59798
58018
59444
57086
58444
56983
56606
55327
55240
55329
55872
55629
53149
51489
54138
51963
51793
50014
49674
49657
46852
48315
48896
46061
45181
44141
42565
43426
43809
42367
39969
38415
37323
38110
36788
35931
35472
36805
34113
33058
35043
34170
30319
32360
29662
31628
27488
27852
27049
28113
26785
23656
23376
23572
23218
22531
20749
20604
17985
19529
17417
17705
17229
18247
17063
17166
15568
13228
13619
11994
14528
14184
12881
11758
9560
10784
9192
8869
7964
8798
8180
8565
8101
9107
6920
10510
8377
10309
8232
9387
9885
6777
8521
8530
7004
8353
6924
7531
7625
9140
9710
7794
8562
11913
11044
9364
11549
10059
11923
10357
11959
11919
11048
11765
15972
15817
14866
15975
14053
16866
17313
17032
17448
19923
19204
18872
21848
23121
22907
25062
23777
24143
24496
23947
25687
28808
29775
29186
27904
32310
31260
34288
31878
34263
35603
36795
34831
36169
36155
39375
39250
39187
38770
43059
43535
42017
41793
43207
45033
45364
45002
47004
49270
50043
51346
49263
51460
52896
50811
52095
53445
53573
54998
56261
55225
54792
56102
58461
56387
58913
58761
58534
58190
59505
57887
57696
59792
61788
60323
60157
61912
61880
60193
62313
61384
62907
62510
63703
61844
62480
62378
61978
62129
62835
62023
59529
62132
60935
62110
60878
59392
57582
60252
58300
57528
56944
57211
57362
55735
56585
55668
55721
54600
53545
53815
55290
53419
52906
51377
50738
52421
50465
51063
49208
47399
45818
47271
46811
44307
45209
44101
40853
41530
40444
40296
40962
38547
36671
39420
37305
37854
34434
34056
32738
31939
33899
29129
32860
27613
30645
27404
29134
26606
26314
24745
24293
24504
22407
22959
21658
20744
21200
20273
19847
19171
17992
18212
18103
15344
14404
14754
16363
15013
14344
13362
11306
11318
12252
10332
10262
9239
11973
10525
10961
8153
7885
8939
9268
9289
8047
7030
7223
7523
9002
5928
6919
9039
9914
6441
9453
8383
9304
8047
7401
8648
8383
8372
10491
11303
10149
12183
9663
13384
10609
10859
14491
13801
12194
14781
14421
13937
15852
15956
18260
17179
16490
19320
21308
20172
22455
23282
23262
24009
24579
24340
25749
24880
25973
27769
27425
28418
29692
28495
32359
31361
31721
31795
34949
34095
36818
37730
36601
35637
40443
39490
39334
40041
40932
42480
41415
43747
42904
44163
45117
48300
46943
47422
48356
49166
48597
51596
49589
54476
53211
54562
54886
54610
52918
56110
55143
56897
57843
58699
58758
59668
56882
60349
58267
59536
59053
60065
60076
59215
60312
59976
60066
60218
61277
62563
62769
62340
62740
60666
61600
60064
62913
61315
62107
59232
59910
61128
60607
59937
60079
58164
60592
57606
57697
57049
60216
59738
55631
56705
55410
56068
56133
56637
53652
52183
54683
51457
53384
49839
52842
49035
48625
46484
46521
48677
48733
45387
44337
44018
44102
44490
41298
43001
39657
41595
40415
37501
35589
38578
35962
34616
32977
32800
31433
33454
29293
31593
29466
28301
29418
27848
28896
25413
24645
24644
22666
21683
20582
21205
23153
21940
17665
18716
17927
18502
16908
17236
17669
14520
15231
15564
13964
15060
14740
13684
12127
11650
12404
12462
11080
8274
8638
9529
9341
11194
6864
8572
7977
6932
8840
7330
7709
7056
7483
8074
9931
6345
8467
7487
8022
8484
9521
9488
8560
7812
10589
7895
9473
10692
11962
11049
12714
11031
13814
13480
12744
13046
13759
13811
13768
14293
14862
16614
18642
17882
18026
18019
21694
22049
21885
21100
24898
22246
22603
23153
27233
27339
25347
28612
27490
28988
32039
30410
32627
32302
34307
32731
35629
36837
35229
36430
36534
37422
37416
38697
41440
40374
43078
41861
43263
43798
46887
44379
46016
45636
47346
48886
47489
51284
52766
50835
52316
52293
52940
54927
53332
56619
56333
55418
58161
58336
58705
58209
57549
59100
58066
60073
58062
60385
61391
59030
58810
62809
60341
61583
61312
62056
60017
62558
63107
61570
62918
63270
60745
60999
61332
63247
61091
59501
59757
60871
61683
61864
58030
61237
58550
59489
60110
58369
59024
56413
57378
55201
56383
55321
56460
54885
55727
55363
52560
52696
53651
51442
50963
47849
51493
49633
48049
48664
45925
45539
43649
44025
42883
40839
42173
41448
41509
39304
37976
39344
36646
38665
37140
33835
34264
32940
34477
32771
32836
29803
28968
29119
28256
27120
27431
27555
24075
25621
24855
24669
20498
22535
21043
21779
21448
18633
17063
16671
19204
14684
16235
15922
15759
14063
14245
12146
11810
10851
10274
11138
13086
12296
11615
9623
8794
10085
7428
9481
10282
8818
8342
8079
9997
9875
6087
6948
9588
8855
6649
7841
9562
9549
9159
9585
8374
8830
8094
9127
10906
9064
9146
9679
10669
11466
12348
13695
10439
13842
14015
14263
15271
12677
15016
15690
16248
17821
18333
18035
18468
19473
20706
19548
19635
22732
22436
21675
23582
26121
28063
26395
26823
28375
28198
28955
31616
30764
31411
33861
35536
35407
33135
36686
38295
38702
39378
37133
39337
42178
40861
42342
42937
45087
44149
43200
45026
47945
47772
47256
48170
49385
48998
51009
50809
51220
52111
53918
54487
55579
53503
53918
56767
57294
58206
56747
57219
57001
58049
58993
60458
60729
60448
60266
58243
58805
59649
61777
62696
59324
60790
61589
62334
62473
60979
59542
61634
59759
60531
61063
61573
60047
61266
62027
60846
61774
61750
60538
58402
59860
58762
60230
56628
56538
56671
57628
56313
57760
55419
54505
54223
53223
55514
53221
53514
51883
51546
49731
51151
51499
48891
48300
47881
44606
44866
45914
45636
41858
43354
41052
41351
39495
40900
40649
37484
36895
35283
35299
34212
33996
33312
33590
32480
30330
30495
28265
29997
28648
27062
28732
25163
25124
23716
23999
21435
22500
21335
21831
22451
17956
19869
16542
18541
15833
15583
14958
16017
15931
14736
14239
14558
14235
10773
12723
13312
10094
9657
8383
10734
11118
9713
7445
9779
8343
6680
6766
6915
10009
6906
9100
7238
9984
8126
8226
7080
8469
6916
10206
7908
9131
7124
8161
9377
8374
10668
10028
10810
11865
10898
10984
10637
11763
14328
13105
14116
12126
13226
16082
17264
18074
18375
16568
17845
19926
19869
20971
20265
20828
20729
22896
23272
24248
25745
26669
25970
29259
26528
27089
30249
28721
32385
30169
33974
34611
33569
35939
33712
37298
35897
37843
37132
40130
38951
41981
41617
42295
42598
42239
44417
46463
45868
45531
49189
47805
47511
51713
49588
53131
49602
50354
54267
51730
54764
55448
53154
55561
57847
55654
56973
56860
57778
58921
59621
59781
60195
60041
60669
61950
60807
61781
61745
59698
62038
59918
61266
60294
60446
62915
60594
62324
59543
61807
61599
62027
61018
62294
61809
62070
59903
58524
60634
60012
57579
60136
58108
60023
58610
58705
57943
58270
55103
56976
54711
54329
55122
52056
54588
54520
52931
52733
50084
49062
48986
47388
49801
45199
47981
47572
45729
42816
42853
42069
41765
42550
38900
38591
39375
36928
36127
36910
35153
36628
35283
34222
34755
31777
30886
31973
28920
29936
28525
29359
25494
26438
23891
26552
24184
24135
21609
20838
20743
19299
19591
21032
17520
18113
16826
18498
18133
13949
13609
12887
12927
14220
11695
10662
13713
13069
10745
8864
9076
9342
9972
11473
9299
8648
7756
9797
9416
7316
8303
9233
6366
7398
8507
9829
9051
9475
6805
7594
7622
8620
10679
9280
10404
10992
10355
10065
9411
10567
10538
11604
11767
11396
11853
13665
14337
13864
14243
13380
15249
16778
17074
16788
18092
18042
18333
18633
20698
21064
21633
23432
21887
22884
22994
25043
24519
28138
25764
27678
28919
27568
29729
31155
31337
31397
33189
32298
33143
34644
36540
36357
36706
38759
38575
39075
41737
39319
43316
43772
45312
43879
45222
46987
45704
49305
47214
46904
49204
52309
49420
50943
50282
54588
52836
54556
55825
57159
55674
54848
57615
54697
57320
55418
58898
59995
59967
57568
61245
60068
58543
61184
59141
60785
60546
59234
61964
63599
61575
61779
60933
60112
62853
62563
59940
62449
60040
61857
61829
61484
61938
62942
61762
62557
60637
61540
57831
57708
57785
56877
56368
56339
56774
55637
55867
54190
54546
52157
55955
54713
54940
53588
52819
51930
48178
47661
48384
49533
46486
47952
46298
45647
42376
44863
43106
43777
40184
41846
38639
38219
38992
38665
37624
35520
35987
35203
34580
34008
33539
32417
30262
30623
29033
28889
28357
28819
25582
24740
26198
22562
23649
23921
21625
23254
21763
18627
20036
16404
17091
17730
18027
17923
17050
14342
16645
13909
12762
12967
10710
11395
11501
11489
13059
11433
10899
10668
10238
10112
8386
9567
9771
7137
10493
8425
8551
7010
7065
9544
6254
8119
6317
9002
8147
7850
8019
9298
9703
9420
9320
10125
11435
10229
11752
11964
9064
11902
10286
13659
11693
14035
11615
13628
12636
13495
15078
16043
17331
18505
16718
18712
20160
20213
21664
19626
22636
21865
23549
22023
22282
25656
27294
26465
26000
26106
29575
30639
29997
30340
32031
33009
34482
35745
35779
34921
35303
36717
39231
38897
37997
41603
41727
42868
41363
44843
43326
44642
43865
46871
48280
46815
47324
47259
48234
49572
