24046
23235
22401
21654
21087
20359
19561
19028
18118
17605
17060
16249
15769
14998
14718
13919
13609
12862
12321
11788
11306
11059
10533
10021
9689
9237
8985
8440
8167
7915
7663
7404
7085
6861
6565
6355
6347
6057
5929
5824
5805
5783
5829
5852
5807
5822
5829
6075
6069
6044
6323
6562
6589
6861
7121
7392
7645
7871
8156
8713
8961
9258
9750
9993
10494
11036
11574
11837
12345
12877
13409
14199
14705
15248
15775
16242
17057
17694
18353
18891
19845
20349
21131
21923
22445
23228
24192
21433
32423
15767
28771
27646
28486
29231
30081
30811
31680
32447
32941
33975
34807
35305
35961
36463
37236
38084
38834
39665
40380
41121
41693
42512
43287
43806
44536
45422
45891
46662
47229
48043
48553
49031
49597
50367
50807
51376
51970
52561
53071
53658
54131
54699
54937
55497
55749
56261
56535
56809
57085
57347
57789
57978
58101
58355
58637
58847
58887
59159
59149
59152
59147
59329
59404
59425
59159
59157
59191
59213
58857
58840
58484
58267
58051
58168
57791
57349
57078
56806
56546
56260
55613
55494
54985
54667
54207
53633
53102
52608
51958
51425
50865
50346
49869
49013
48555
48010
47183
46703
45932
45361
44551
43999
43316
42498
41673
41131
40370
39593
38806
38239
37226
36466
35941
35318
34744
33957
32957
32399
31612
30807
30023
29269
28482
27688
26882
26094
25457
24849
24049
23251
22475
21926
21134
20619
19811
18923
18389
17561
17065
16285
15754
15212
14737
14145
13414
13176
12367
11832
11579
11018
10536
9993
9709
9195
8950
8702
8189
7880
7645
7381
7081
6846
6517
6591
6373
6103
6071
6100
5736
5785
5795
5794
5801
5859
5793
5837
6087
6105
6379
6360
6581
6871
7166
7395
7658
7913
8169
8478
8933
9239
9755
10041
10546
11026
11287
11848
12371
12861
13414
13908
14742
14938
15785
16266
17047
17580
18065
18899
19569
20338
20926
21659
22493
23149
24041
24530
25305
26168
26898
27725
28471
29255
29802
30553
31604
32081
32893
33792
34483
35303
35654
36415
37267
38009
38538
39413
40342
40971
41697
42215
42961
43753
44563
45353
45806
46669
47287
47743
48587
49079
49525
50117
50829
51359
51919
52533
53182
53603
54046
54419
54909
55177
55736
55982
56539
56793
57016
57291
57519
57845
58290
58277
58670
58699
58927
58864
59201
59213
59142
59429
59433
59386
59185
59197
59207
59133
58881
58901
58631
58346
58373
58116
57739
57583
57055
56763
56515
56075
55718
55475
54957
54645
54115
53618
53385
52586
51930
51605
50876
50315
49869
49227
48488
47979
47434
46654
46129
45418
44557
44009
43224
42751
41901
41158
40413
39583
39117
38283
37514
36665
35959
35506
34783
34027
33223
32429
31653
30830
30382
29293
28755
27990
26938
26414
25607
24789
24026
23297
22732
21957
21413
20613
19847
19335
18354
17877
17091
16561
15746
15217
14687
14182
13681
13176
12563
12103
11554
11075
10525
10267
9719
9229
8960
8703
8445
7938
7632
7385
7153
6836
6587
6607
6351
6071
6057
6074
5869
5814
5805
5852
5788
5789
5821
5782
6153
6098
6231
6323
6591
6837
7149
7409
7642
7885
8185
8432
8997
9190
9471
10023
10561
10763
11310
11835
12351
12925
13403
13930
14490
14935
15500
16247
16781
17626
18105
18919
19575
20364
20895
21679
22430
23229
23813
34533
34271
16769
17854
26133
28520
29018
29781
30563
31373
32195
32971
33725
34497
35314
35668
36467
37246
37765
38643
39363
40163
40903
41521
42238
43101
43807
44637
45108
45883
46430
47231
47729
48229
49203
49596
50083
50691
51409
51897
52582
53089
53254
53841
54435
54977
55203
55671
55993
56296
56817
57032
57315
57523
57945
58070
58309
58595
58657
58912
58915
59110
59271
59223
59496
59422
59450
59089
59149
59185
59157
58879
58849
58654
58386
58345
58137
57837
57793
57262
56757
56606
56260
56041
55520
55240
54719
54142
53857
53347
52845
52123
51640
51126
50313
49807
49249
48718
47953
47470
46963
46125
45594
44855
44069
43501
42771
41935
41157
40650
39873
39046
38285
37479
36693
35939
35555
35013
34000
33421
32672
31870
31029
30358
29527
28735
27952
27158
26423
25594
24825
24320
23506
22959
22177
21415
20584
19820
19253
18370
17865
17329
16541
15947
15211
14753
14227
13700
13135
12650
12089
11587
11054
10761
10293
9739
9507
8985
8702
8411
7899
7639
7382
7113
6889
6859
6560
6345
6065
6121
6094
5813
5795
5803
5850
5813
5777
6095
5831
6074
6101
6333
6327
6559
6848
7095
7107
7637
7899
8177
8431
8705
9222
9471
9967
10545
10750
11322
11583
12363
12866
13138
13857
14433
14949
15514
16063
16829
17365
18142
18646
19589
20331
20919
21690
22265
22959
23759
24559
25287
25989
26670
27389
28226
28995
29769
30597
31152
32144
32655
33391
34259
34961
35817
36275
36697
37741
38381
39150
39869
40701
41474
41961
42744
43587
44301
44809
45629
46165
46932
47413
48030
48778
49289
49855
50635
51126
51682
52198
52866
53383
53853
54050
54700
55214
55495
56014
56262
56565
57070
57269
57511
57829
57974
58349
58325
58636
58879
58884
59167
59155
59167
59510
59426
59424
59397
59119
59175
59077
58871
58941
58726
58645
58319
58115
57823
57606
57570
57109
56753
56198
55941
55673
55183
54947
54399
53891
53349
52831
52519
51622
51176
50639
50057
49515
48787
48240
47738
46956
46405
45586
45087
44323
43509
43010
42277
41417
40671
40137
39319
38565
37771
36993
36483
35807
35021
34565
33450
32903
32177
31331
30587
29793
28963
28195
27427
26617
25845
25314
24505
23763
22955
22411
21706
20857
20366
19585
18927
18160
17353
16793
16007
15513
14999
14485
13906
13146
12926
12342
11815
11305
10796
10509
10005
9501
9247
8688
8426
8189
7951
7671
7359
7097
6873
6577
6333
6326
6065
6073
5811
5775
5803
5835
5831
5796
5825
5806
6085
6101
6069
6349
6597
6848
6889
7222
7393
7669
7861
8417
8729
8941
9392
9745
10229
10743
11048
11586
12091
12603
13169
13657
14203
14601
15227
16025
16523
17345
17887
18365
19261
19842
20590
21393
22219
22695
23479
24311
32158
37813
38779
27133
27949
28720
29532
30377
31076
31599
32665
33411
34016
35002
35635
36013
36657
37483
38323
39130
39839
40373
41137
42015
42718
43583
44021
44861
45689
46225
46947
47462
47993
48553
49265
49828
50331
51083
51712
52142
52822
53356
53883
54167
54704
54995
55589
55949
56267
56489
56793
57314
57647
57775
58097
58348
58387
58581
58895
58878
59117
59193
59143
59208
59427
59477
59384
59217
59103
59103
58904
58808
58641
58572
58347
58115
57821
57575
57285
56999
56788
56593
55949
55790
55124
55001
54438
53857
53499
53163
52634
51978
51370
50621
50100
49602
49097
48283
47777
47145
46433
45895
45102
44591
43771
43049
42229
41435
40897
40089
39637
38552
37807
37261
36467
35689
35303
34518
33709
32941
32133
31347
30581
29766
28969
28602
27441
26882
26132
25329
24513
23759
23261
22449
21673
20861
20364
19510
18909
18159
17587
16805
16289
15509
14995
14447
13889
13415
12895
12323
11829
11309
10773
10545
10036
9454
9219
8955
8465
8142
7905
7635
7385
7121
6870
6644
6347
6367
6095
6071
5854
5755
5841
5845
5823
5834
5798
5817
6059
6061
6071
6338
6574
6602
6848
7118
7398
7646
7901
8426
8711
8961
9217
9737
10265
10557
11071
11573
12095
12349
13174
13671
14189
14725
15234
15774
16526
17083
17850
18415
19297
19825
20512
21385
21914
22710
23453
24024
24856
25594
26421
26901
27974
28467
29229
30286
30834
31622
32447
33181
34001
34817
35539
35885
36701
37287
38295
39111
39611
40345
41195
42165
42770
43274
44090
44657
45292
46105
46676
47453
47962
48517
49228
49777
50324
50874
51633
51897
52611
53437
53633
54133
54689
54837
55454
55754
56249
56502
56745
57065
57645
57847
58113
58417
58406
58606
58897
58877
59147
59125
59157
59188
59423
59353
59429
59131
59218
59211
59159
58872
58538
58659
58341
58111
57897
57519
57297
57049
56782
56577
56271
55752
55213
54983
54429
54193
53639
53053
52626
51923
51385
50818
50331
49539
49035
48531
47687
47215
46731
45927
45319
44573
43883
43001
42237
41730
40957
40358
39589
38858
38033
37242
36485
35645
35277
34547
33722
32943
32105
31630
30573
30051
29247
28529
27721
26886
26130
25327
24545
24033
23249
22437
21689
21142
20353
19562
18914
18105
17571
17071
16289
15760
14945
14710
13930
13390
12848
12344
11801
11316
11021
10523
10008
9727
9234
8961
8412
8181
7865
7617
7387
7153
6881
6608
6352
6325
6089
6041
5809
5814
5714
5825
5780
5794
5802
5826
6069
6065
6019
6334
6567
6569
6881
7135
7390
7622
7927
8153
8689
8977
9247
9819
9952
10505
11033
11551
11815
12373
12877
13437
14145
14698
15192
15774
16291
17087
17615
18361
18899
19837
20327
21154
21947
22391
23200
24010
21389
32410
15819
28717
27677
28441
29238
30054
30794
31626
32419
32911
33970
34741
35308
35957
36418
37245
38037
38830
39595
40435
41171
41736
42500
43245
43777
44603
45403
45901
46653
47203
48006
48597
49058
49533
50375
50865
51455
51873
52673
53084
53627
54173
54718
54925
55495
55827
56236
56554
56751
57066
57330
57781
58012
58082
58335
58546
58848
58834
59119
59154
59157
59196
59367
59449
59411
59163
59183
59116
59069
58882
58855
58561
58323
58099
58130
57857
57355
56975
56790
56552
56306
55730
55509
54803
54759
54179
53661
53095
52613
51893
51401
50890
50391
49829
49049
48577
47991
47245
46609
45921
45369
44645
43797
43243
42493
41917
41158
40344
39649
38813
38303
37219
36521
35929
35345
34787
34012
33211
32397
31626
30831
30090
29274
28487
27691
26901
26146
25630
24831
24010
23281
22421
21931
21128
20607
19821
18917
18370
17654
17055
16273
15791
15247
14738
14186
13389
13149
12369
11808
11551
11030
10538
9995
9742
9243
8949
8706
8189
7909
7612
7393
7142
6839
6577
6616
6342
6079
6071
6068
5802
5896
5797
5825
5797
5797
5851
5825
6056
6062
6352
6318
6583
6843
7139
7413
7657
7906
8181
8420
8981
9217
9767
9984
10511
10860
11347
11818
12349
12899
13393
13923
14734
14973
15778
16303
17097
17603
18136
18965
19543
20309
20891
21693
22454
23194
24013
24529
25355
26143
26901
27667
28520
29283
29739
30589
31636
32176
32904
33457
34345
35277
35805
36489
36956
37759
38576
39335
40113
40696
41407
42189
43034
43839
44313
45062
45582
46378
46941
47767
48269
48781
49537
50074
50637
51430
51633
52559
52854
53376
53820
54375
54949
55213
55574
56026
56191
56741
57139
57246
57585
57835
58101
58357
58591
58602
58851
58875
59198
59151
59124
59434
59499
59405
59113
59143
59083
59129
58902
58917
58700
58334
58342
58137
57851
57641
57358
56991
56519
56209
55975
55491
55209
54705
54126
53934
53488
52895
52187
51634
51185
50626
49828
49282
48768
47997
47474
46978
46189
45581
44881
44371
43522
42746
42011
41467
40610
39863
39093
38328
37771
36743
35963
35871
35055
34264
33464
32657
31862
31073
30299
29545
28761
28079
27163
26629
25645
25005
24293
23805
22982
22207
21413
20597
20105
19305
18389
17873
17352
16557
16003
15237
14697
14156
13639
13159
12637
12093
11537
11317
10827
10253
9717
9462
8973
8658
8443
7919
7648
7377
7125
6842
6878
6605
6335
6074
6067
6058
5806
5819
5793
5817
5809
5835
5829
5845
6055
6106
6361
6326
6598
6879
6853
7137
7614
7635
8153
8437
8709
9244
9508
10010
10263
10777
11287
11579
