29784
29849
27704
25904
23468
26192
25100
26950
29785
30343
32710
33743
32752
34530
35013
34794
34274
32172
32745
30862
28781
24546
23526
22969
20883
17630
20340
20633
19856
23234
25374
24023
27466
27434
31940
31930
32939
31157
29027
30616
28793
24294
25408
24030
22209
18930
19303
17923
16814
17617
18650
22719
21952
26398
28004
27487
31682
33488
32670
31363
33231
30911
28754
28492
25609
25396
24084
20838
20110
21158
24054
21966
24525
28766
30318
32434
31614
35528
37850
39342
38100
38852
38615
37036
34548
34270
33987
31890
30846
29295
27698
30783
28230
31856
33979
36483
37764
39662
41446
42990
46742
47240
47227
45078
44928
45402
43845
42297
41456
39312
38863
38582
35916
35869
39601
39913
42023
43315
45670
46975
49013
53456
53614
55578
53167
54736
53116
53435
50974
47254
45036
47048
44080
45160
44119
43346
42837
45682
48388
49143
52258
51234
53598
57895
55460
56117
56814
56823
58200
56042
53919
52250
48338
47990
44246
46168
44929
44376
45675
44370
47736
50182
49595
53369
54756
55032
55362
57083
57847
54772
54196
51989
51230
49303
46235
45437
43339
43068
39404
38820
42280
41198
41445
42503
48084
45666
50395
49333
51004
51213
50956
47000
45680
47279
42259
39923
37792
35292
36257
32181
34548
32172
32414
36207
37062
37322
38386
39043
41454
40448
43394
40410
41797
41972
40714
35974
33518
34306
29290
28021
26166
24302
23482
25079
24318
28011
28508
29592
30648
34555
35618
35916
33750
36294
35864
33760
30102
28231
26416
23222
24346
22486
19323
19856
19879
21714
22466
22246
24306
25078
25625
28247
30128
32450
31426
30091
29231
29567
27479
26892
25968
21188
22237
18444
19834
17343
16298
17127
19871
22458
24840
26176
27446
30102
30015
32237
34017
34329
32166
30074
28744
28816
28251
25915
22971
24309
22284
23263
22449
21118
23291
25354
30032
29814
31140
33770
37628
37568
37546
40426
38647
37794
36232
33742
32142
30639
28508
31374
27682
29022
31670
30062
31656
35538
38334
37827
39644
41146
43318
47019
45939
45402
47143
43598
41762
41228
41446
39152
37234
37862
35583
36218
37035
39161
41210
43364
43628
45484
51250
50178
53210
54793
53961
54238
51966
49924
49348
48811
46750
47538
45937
42242
43629
43329
44686
45408
47763
48041
50934
51252
52640
53682
55618
56084
58414
55527
57143
53174
51874
51191
49088
48574
45154
44458
42806
45390
46256
46733
48582
47011
50340
50723
55177
54766
58186
57082
57724
56080
55335
51178
49350
46480
47836
43854
41761
42324
39664
41779
40908
42275
44630
43838
47512
47975
47522
49883
49350
51696
49586
49350
46226
43257
41754
39906
40678
36537
35572
33488
32166
32420
32718
35335
34246
35618
37790
40402
42982
42836
41430
43034
40199
40720
39603
36482
35332
31926
31128
27892
27676
27719
24838
26152
27762
26890
28516
30070
31637
34498
35054
33706
35339
35046
34994
31671
32170
30870
28248
24526
22475
22983
18906
18632
17594
19826
20118
20624
24847
25070
27452
27990
28495
31671
29553
31662
29290
28754
27472
27964
25548
21933
19838
18934
20093
16563
16828
20664
18618
21974
22462
26870
28215
28498
30112
31666
31137
31124
32104
30350
30299
27214
26652
26143
25343
23760
24038
21942
21979
22222
23523
26611
28826
31970
34826
35358
35614
37516
39122
36786
38342
37818
35075
35346
34038
30348
31650
30294
30343
30076
30032
31896
33973
35279
37822
39870
40938
41015
45446
44612
45425
48078
45680
45645
44872
44355
40911
39678
37870
36511
36778
38868
37518
39919
38866
40924
45714
48523
48833
50496
52256
54500
53146
52674
55323
50892
51765
50642
48315
45966
45440
44084
41762
44639
41968
45662
44619
48632
50930
51730
52950
54503
56926
57066
56006
56646
57153
57364
53182
50960
49902
47766
46487
44047
43808
44624
43578
46778
46170
48106
49816
51458
52618
55878
54690
56828
57363
54768
55311
54758
52607
49823
47000
46521
44864
41672
42538
39612
39940
39882
41728
44656
44621
45414
49876
47556
49120
48562
51715
49359
49311
46206
43080
41486
39074
36536
34549
34302
33239
34834
32230
35862
34546
35833
35958
38318
39142
42542
43874
41487
42807
41498
38656
37035
37263
34533
30804
30103
27974
24339
25095
25390
23494
24537
25947
30101
28760
32952
34858
33496
36786
36492
34502
34000
33251
31944
28762
26915
24581
22226
19819
20090
20144
17890
18416
20890
21175
26159
25096
27984
28778
30326
31651
30364
30383
30374
30068
27672
24015
24798
20134
21171
17889
19327
18400
18362
20631
19827
21164
24586
26466
28520
28242
33524
33243
33227
31144
30634
29786
28002
28786
26390
25350
22973
22961
22986
21966
24563
23550
23798
27740
28692
30369
35096
37536
35855
39360
39142
39406
35980
37334
36198
35892
34044
30570
28240
28237
28235
31418
31906
30852
34002
35840
37038
40780
42830
44106
44903
44651
46158
44852
46420
43278
41712
40968
40766
38602
38087
36006
37822
35908
38850
41336
40414
44364
47464
49348
49292
52888
54394
52191
55302
52220
53732
52903
49348
48950
44364
43382
42871
41192
42026
41200
43799
45410
45679
48318
52906
52586
54754
55246
56478
58629
56343
58402
54230
55830
51119
50416
48035
47862
45657
42564
42276
43542
45146
45925
48790
48364
52651
51406
56358
55514
57381
56124
55522
53140
53859
51514
49906
46192
43016
44888
41393
42799
40672
41987
42782
40703
42042
45738
45652
46490
48596
49670
51281
52304
50139
48022
47543
45680
42154
39386
39113
36542
32922
33967
31647
33486
35308
34859
36200
39644
38738
41258
41742
42051
41995
40938
39627
39624
39362
37062
34306
30368
28490
27450
25089
23802
26695
26183
26906
26901
29290
30836
31702
33280
35294
33234
35830
35743
35851
31156
29788
28511
28539
24294
20894
22254
21422
21454
20110
18159
21734
22926
24383
24880
27955
31391
31890
29814
31404
29300
32198
30860
26954
24323
25641
22968
22222
17642
18648
18692
16785
20352
21982
21684
24013
26651
27488
31410
33256
33507
31419
31099
30834
29026
31112
29768
25641
24609
21427
20861
21926
20368
21903
22688
27470
28260
28488
29855
35126
34546
36016
38848
38380
40178
37299
37339
33726
35684
33516
29819
31378
29242
29006
27696
29552
30596
34265
34522
39618
39322
40695
42541
47010
48352
46470
47266
47022
44926
41952
40176
39039
37314
39402
36626
38514
36011
38654
39182
40888
43016
47014
47490
50230
50650
52022
54988
55055
54758
51423
52993
48352
48402
44547
43299
45449
44599
41249
42288
42036
43811
48082
50146
51230
52322
53438
56081
58906
58404
59206
55492
57738
54210
54000
49287
48556
47290
44428
45442
44374
45916
43874
47030
47812
48834
52232
55271
52878
57388
54781
57087
56310
56010
52880
52246
49331
45964
46185
42267
42002
38847
41245
41986
43103
43866
42258
45424
46693
47751
48075
51461
50663
49606
47837
50163
46224
43822
43571
42054
38296
35374
33992
32168
33250
31889
34255
36024
37248
38136
37572
39398
40206
41164
40736
42255
41172
40122
