58727
59743
60511
61954
59778
61314
63676
61094
62860
62533
63947
62670
65535
64700
63593
65535
63176
65235
65535
65019
65535
64438
63702
65535
65230
64981
65535
65207
65535
62616
63944
62080
63418
61245
63204
62128
63459
62877
62913
62565
61316
59818
60815
58658
58478
59203
57640
57654
56328
57686
54535
54236
55259
54980
53986
52914
50675
49644
49864
48032
50670
47038
48312
44912
48065
44370
45124
42316
42591
41230
42252
40387
38640
39612
40034
36220
37270
35815
34570
36723
33176
32154
31659
32946
32207
31135
31178
29826
27485
29564
27979
25400
26392
26654
23754
22194
22483
20642
20146
21943
20086
19814
20678
18954
19565
16567
17895
15783
16602
14980
13924
16527
15980
14480
15068
12364
13927
13902
12631
10798
11046
13440
12370
12642
11306
12100
9495
9718
9998
11054
9787
12367
10284
10034
10806
12407
9747
11078
12083
13162
13407
10766
13170
14720
12624
14466
14466
14469
14212
15774
15506
14214
14476
17889
19643
18442
18430
18622
20630
20125
21450
20886
23830
22978
24515
24530
23514
24835
27946
25299
28222
27445
27235
31129
31398
32717
30858
33478
34560
34838
33756
35850
37063
35071
38165
36219
39393
38082
40435
41764
43603
43847
44597
44376
46882
46798
47822
45945
48602
47740
49625
50739
49670
50368
50631
51734
52678
53453
55030
57110
57348
56058
58666
56610
59293
59286
58742
57903
59254
61074
62602
59726
62572
63655
60559
63422
61858
63945
65238
62049
65226
62922
64258
63139
65535
63903
62882
65194
64698
65535
65535
62722
65030
65535
65326
62380
63122
65242
63964
62270
65288
63418
63736
62035
62660
63129
62572
59786
61872
60298
58218
60783
59767
58194
57657
58926
58642
57102
56343
54752
53746
53742
51432
51433
51740
52056
49351
50372
48806
48197
45942
48511
46490
44989
43634
43549
43843
44618
41996
41240
41713
39337
36775
37838
37074
35853
35990
35848
36265
34027
33132
30342
31150
29037
28227
27956
29818
28574
28222
24835
24556
24337
22715
23794
21711
20634
21942
22234
21436
20356
21162
19364
18671
18116
15810
16807
17605
15019
14975
16280
13435
14744
13178
12346
12612
13687
12628
13945
13679
13688
12106
12370
10286
11053
12880
11338
12382
12124
10005
10294
13162
10028
11824
9751
11835
12606
11640
10277
11816
12893
13714
12894
12630
12885
13695
15244
16544
15528
13884
16842
17426
17890
17918
17082
16808
19599
19834
21944
20631
19347
21934
21726
22751
22261
22455
26135
26415
28531
28232
27704
30381
27724
29044
32706
30620
32176
31426
34066
34559
34858
37220
38049
38035
38074
39930
37764
40915
39371
41808
43853
43359
45403
46219
44624
46736
48614
46731
47564
48318
48255
51232
50337
52642
53986
55290
55548
55028
56851
55750
56814
57352
59472
56284
59874
60554
57841
58923
62412
59238
59627
60741
60805
63990
62536
60828
61541
62624
64652
63118
63996
64915
65535
63438
64952
65498
63637
65535
65535
63389
65535
65535
64455
63388
65196
64454
63662
62911
61807
62395
64431
62301
64260
61532
61940
62899
60503
62361
61854
59282
58659
59702
57841
56862
57923
56062
56057
55232
56091
55898
53260
54978
52673
50682
52069
51186
48339
50597
50166
48235
47243
44402
45474
46182
45719
43846
44372
43367
42516
40995
40433
37292
39162
35838
35344
35328
36728
35968
35288
32974
34032
31663
29544
29516
30870
29886
27438
26164
26690
25382
23510
22718
22716
24356
23238
23256
22211
22434
20343
19624
20399
17390
18131
18924
18166
16012
16592
16010
13946
13446
13458
15250
14202
13686
12598
11855
13183
12130
10304
10028
10527
12609
13424
9578
11122
9490
11570
11076
13152
10036
9786
10277
12372
9761
10784
13147
12609
13153
12924
12099
11793
11816
11934
13922
12696
12860
16302
13695
14455
14740
15796
17323
18375
19592
18691
19320
20823
22482
19331
20094
22208
21179
25098
22702
26946
25381
24855
26460
27510
26652
31420
30323
30651
32968
34296
33718
35349
35574
34568
35710
36288
36236
36668
37806
40479
41466
41482
42271
41002
41471
44667
45915
47070
47502
46324
49354
46755
47540
50732
50342
51222
50895
51379
51367
53656
56320
53382
56886
55026
55244
56350
57884
56295
58306
60262
58375
61277
59694
61882
61022
61793
62584
61545
63692
64003
64010
64738
62650
64678
63356
65180
65228
63628
62894
63934
65535
63944
65535
65535
65535
63667
63686
64523
62274
64158
65535
63950
62529
63950
64752
63108
62052
61886
61099
59498
61044
61039
58415
58423
60539
59448
60248
58885
55784
57072
54474
55020
56602
54260
53342
54214
53683
50950
49111
49281
50655
50398
46664
45986
46218
47242
44095
42986
42964
43868
43578
41722
40683
38117
38566
38596
35954
36742
36222
35956
35578
34248
33181
30847
33502
29816
30891
30879
28245
26663
26390
25354
27702
25048
24341
23524
22987
22224
21148
19848
20150
20874
20605
17097
16828
17064
16984
16554
18134
14454
14981
13922
14960
15259
13692
15240
15230
14738
13411
14194
11332
10759
13416
11016
12914
12350
9526
11811
10272
10515
10025
11339
11070
10260
10266
9248
9990
11840
11605
12645
10298
13691
12120
14774
12902
12122
14311
13398
14742
16288
14990
16056
14504
17640
16543
17107
18950
20148
21422
17910
18927
19864
19622
23233
21944
24564
25369
24844
25071
26670
28534
28735
27703
29050
28769
30352
32946
31418
32724
33786
35328
35022
36228
36292
37570
39666
40152
39834
39614
39644
39928
41741
42026
43884
45402
46972
46496
47486
49630
50118
49126
47798
49290
50959
51190
50723
54276
53675
55791
53486
54180
56088
56012
58207
57892
58380
57347
59755
60527
59176
61606
62620
61594
63188
63711
62126
61874
63434
62371
63618
63642
63714
64512
64491
64233
64986
64698
65535
64164
62880
64367
63109
62899
64486
65214
63970
65448
62878
64496
64234
62476
63691
62611
64748
62354
61244
63416
62591
60271
61572
59988
61001
58679
58195
59768
56242
57880
57437
56776
55791
56536
56345
54217
54784
51782
52243
48884
52281
49062
49871
47774
48059
48293
44114
43602
45472
44918
41485
40476
43266
41478
37814
39383
37271
39360
37038
35082
35594
33483
34553
34811
34294
31663
32188
32190
30127
28223
28676
28474
26842
24557
26166
23796
25121
24576
20856
23782
19890
22726
20366
19622
21164
18135
16279
17874
18412
14708
17123
13918
13684
14215
16312
15206
13944
11557
11327
14222
14238
12120
13387
12360
13442
11342
13182
12643
11559
9757
10570
11065
11602
10019
11078
