50466
56105
53978
56339
56116
52895
54180
52004
54777
53462
57670
58728
58146
57854
56171
54814
60046
57448
59478
59788
59286
56061
59725
57384
59555
59758
62850
57438
61510
60748
57712
63931
59987
62060
62354
61855
64251
60826
61322
60974
64458
61010
63331
63446
63184
65535
65535
63234
65535
65535
62312
65535
11610
10568
13448
13690
16317
12622
14461
12617
16822
12864
13952
12089
18663
14166
18380
13158
17910
17610
16594
20123
15260
17602
18646
16836
17342
21475
18918
22549
21350
20355
23019
20902
17110
20110
20128
19620
18947
21915
19388
22459
20136
21441
23024
26626
21674
26458
23520
22753
24075
27465
26686
24815
25364
25118
24798
23814
23809
24554
24074
30608
29574
26194
29567
30906
30115
30406
32207
26548
30854
30650
32482
27754
31908
28248
31404
29822
34551
28760
31965
32517
31162
35895
33490
35556
30374
32200
35591
34295
35094
35076
35674
38118
34560
35878
34263
37019
36790
36516
34303
34299
34787
37795
35322
35357
40478
37043
39416
40754
38340
40471
41799
37574
38674
38820
38650
41533
43584
38866
41562
38863
44421
44101
40444
42818
43843
45704
41787
45404
46189
45467
44886
41211
43575
43058
43615
47794
46490
47728
45939
43671
49648
46012
48786
45668
49977
47034
46776
49375
45953
48398
47226
51449
48909
48358
52006
47788
48240
49140
52960
53209
52295
53211
55014
54479
50942
51016
52927
54783
52268
54204
55590
55578
53655
56112
56886
53210
56110
59182
59079
54225
59179
58983
57060
55615
60834
61034
59954
57557
60518
56090
57117
61829
60879
58968
58462
59791
63424
63952
62324
63946
60806
62394
63166
65484
62635
60504
60506
61296
63908
61553
61124
61573
65535
62931
65535
65535
65535
65535
11851
12672
9736
12916
13642
11619
13707
16018
12400
13712
17120
17612
14444
14412
16579
16787
14990
13894
14218
16003
16326
14992
19606
16032
19856
20121
17336
16034
20160
17354
17382
22754
17903
17620
18931
22750
22749
24362
23802
21433
19607
25334
26146
21716
20632
20385
21670
22437
24055
27222
26394
25120
24316
24054
28232
28258
24074
23218
23765
26164
27717
27740
26145
25404
25918
29796
30323
27998
31674
31372
30119
30078
30371
33762
29001
30369
31637
32686
34269
29515
30848
29816
35324
31910
30880
32707
35724
35284
35862
36754
36772
32956
32095
35047
35860
37060
36230
35727
35355
38599
34796
38041
36504
35732
35574
40428
35704
37027
37255
39634
42344
37553
42036
41268
42576
41006
43023
44406
44112
39163
43085
39658
42012
43077
43138
41502
45898
41983
44416
44629
46430
43067
47046
42518
48582
43086
48038
43610
44426
45446
46999
46391
44147
48071
46762
48030
47253
46779
50477
50119
51725
47314
53285
51242
48562
47986
49863
50659
48573
50663
53674
54490
55566
51482
51748
54207
53184
56574
55584
55234
57148
54272
56635
55542
56112
56812
56874
57917
57937
57131
57452
56370
59300
55322
57131
61094
58934
58469
56894
60234
56370
57992
59720
57578
63008
61326
59970
58466
63691
60279
60011
64974
59955
60448
61348
65068
62864
61878
61276
65535
65535
64515
65535
65535
65535
65535
65535
65026
15504
15476
13411
14468
16317
13722
11588
12342
13160
14999
13418
16271
13150
16010
15782
13904
13918
17623
19871
17594
19904
14962
18144
18647
19853
21666
21667
18152
18104
21680
16799
18382
20130
20350
23537
18119
19847
20090
23524
19626
25098
20318
22252
22220
25644
21428
22989
22722
26913
21444
23810
26117
23277
28026
22702
24316
29302
23540
29036
28520
25070
27146
28706
27198
29088
31154
30806
29836
30093
26418
31391
30846
30074
30628
27957
29829
32692
31664
31879
31419
32950
35876
35344
32698
31126
36019
35838
31694
35944
35722
32206
34330
36012
37278
34782
35128
38874
35627
35704
38869
39941
37583
35582
35038
35572
40110
35567
38352
40189
39124
38874
39127
42003
39930
41506
40346
43810
43768
40677
44421
43320
41205
44930
40183
42828
42563
44090
45515
41732
45721
46239
43805
47324
48092
42277
42563
43332
44157
45434
44562
48314
49667
47468
45434
47503
44915
46746
51221
47804
46506
47558
48616
50690
47526
49417
48398
48118
52303
48408
48404
54822
52298
51425
52250
52037
52610
56288
55820
53220
53226
51996
55242
55590
51676
54782
52612
56878
54478
54786
57662
57645
59222
59436
57168
60836
60539
57944
56685
57433
55786
59772
57690
59943
61629
57947
60490
59515
59538
62594
61875
64450
60854
62627
64250
60311
62864
64150
60287
64231
60555
64063
63430
62904
63416
64496
65535
65535
64782
9500
14199
14214
11300
12876
12830
13682
13190
14217
13186
14747
17100
12634
18137
14760
15771
14965
16830
18142
19888
19336
16038
14957
16324
18118
17898
20090
18438
19602
18147
18658
22997
23004
19350
22735
24584
19847
22448
21983
24859
20642
23306
19895
24322
20973
25397
24316
25088
25610
24554
22762
24303
26139
25120
22753
23522
27478
27687
25114
29278
28320
25894
26432
26201
25620
27475
30057
30858
27203
32962
26444
31916
30368
28530
27980
29622
29818
30626
34573
35358
30094
30605
33974
35729
32192
35986
35604
34276
32174
33786
37034
34282
35799
32972
32710
37245
35318
39156
39114
35368
34544
37873
35304
37504
37271
36730
39130
40211
41450
35968
41232
36738
41574
39941
38623
38351
42834
42842
41528
43898
40656
44358
44651
45672
43354
44165
40931
46484
43583
40928
43562
42874
46259
43866
43618
48004
47038
43870
49388
46475
47484
48124
49110
50458
46676
50428
50630
50912
50450
50928
47518
49599
48127
49954
51984
47548
49312
47774
50927
52902
49156
53526
51442
55048
49524
54550
55100
52266
56092
55814
54954
52276
53478
55046
52706
58410
58700
58166
53443
58398
53970
58683
55547
56893
56648
59514
59170
55223
56822
61310
56357
61597
61876
59222
61022
59786
58684
59998
61556
61332
61366
64283
59774
63434
61529
65016
62882
60258
62206
65535
64479
65535
61312
62895
65535
62650
65535
65535
10540
9511
12662
12880
14470
13228
13239
14201
14726
12646
13916
16857
16047
17079
13950
15526
17862
17405
18106
15259
15234
16312
18399
14969
20646
16087
17933
20899
19854
21180
20323
18394
21707
20903
24343
19874
21400
22217
24339
22754
24338
23842
22743
23558
21149
20628
21437
24830
27213
25640
22719
23278
27448
26430
24872
26941
25377
29807
28534
25661
26176
28775
30402
