47490
35009
47716
35254
45393
37805
45645
41990
42010
46290
38288
46423
36190
49037
36294
49358
39097
46929
39343
43283
43607
39605
47734
39906
50367
37819
50670
38075
48287
40720
48551
44882
44859
49101
41201
49309
39133
51961
39374
52186
41994
50167
42257
46165
46441
42547
50711
42801
53410
40681
53634
40888
51452
43557
51647
47763
47965
51862
44063
52242
42001
54937
42238
55230
44837
53109
45093
49297
49273
45635
53636
45905
56326
43501
56483
43827
54511
46417
54685
50607
50917
54998
47209
55224
44879
58177
45186
58079
45370
55946
48282
52153
52278
48509
56494
48758
59449
46433
59623
46645
60050
49533
57560
53934
53831
58118
50131
58309
48041
60940
48270
61276
48521
58887
51174
55267
55467
51447
59708
51671
62314
49602
62506
49807
62818
52590
60761
56737
56863
60987
53126
61312
50882
63905
51157
64093
51399
62015
54161
58395
58453
54253
62538
54725
65250
52585
65502
52872
9749
5813
6065
10011
2427
12892
65535
13175
65535
13174
2939
11047
3243
7375
7407
3723
11559
4010
14458
65535
14756
65535
12361
4782
12623
8988
8959
13147
5304
13419
3221
16045
3465
16295
6084
13961
6341
10236
10551
6615
14757
6861
17340
4796
17600
5030
15265
7653
15483
11859
11798
15991
8176
16283
6050
18935
6339
19327
8981
17075
9233
13170
13437
9476
17617
9747
20343
7653
20637
7926
18367
10513
18661
14755
14965
18906
11026
19270
8989
21897
9185
22155
11832
20119
12086
16304
16312
12753
20625
12888
23247
10532
23527
10772
23785
13456
21683
17595
17889
21946
14165
22219
11837
25084
12129
25330
12351
22967
15230
19323
19557
15505
23529
15789
26420
13610
26641
13689
26908
16581
24523
20889
20870
25128
17096
25324
14962
27898
15238
28189
15508
25833
18134
22238
22415
18391
26662
18621
29220
16555
29496
16824
29831
19545
27671
23775
23729
27946
20106
28258
17905
30871
18165
31141
18361
29015
21183
25303
25362
21415
29557
21703
32137
19568
32409
19833
32734
22486
30803
26678
26913
30851
23267
31109
20866
33729
21163
33950
21410
31855
24023
28237
28240
28476
32453
24814
35006
22430
35312
22744
35569
25355
33486
29513
29783
29814
26179
34002
23767
36410
24060
36739
24297
34796
27169
31073
31365
31369
35615
27703
37769
25635
38077
25632
38296
28472
35995
32741
32727
32943
28995
36746
26910
39311
27127
39607
27435
37277
30085
34015
34262
34253
38062
30589
40627
28501
40937
28719
41217
31357
39111
35614
35586
35863
31890
39665
29814
42251
30061
42569
30331
40401
32945
36714
36718
36946
40923
33489
43561
31407
43794
31687
44035
34261
41955
38101
38337
38319
35036
42489
32680
45045
32939
45357
33211
43282
35857
39589
39679
39827
43806
36195
46729
34303
47013
34499
46933
37072
45049
40933
41213
41413
37503
45345
35551
48289
35704
48543
35664
46158
38551
42494
42732
42755
46955
39093
49515
37034
49801
37224
50087
39787
47743
43983
44002
44374
40395
48553
38241
51145
38561
51526
38823
49336
41395
45403
45654
45659
49819
41958
52600
39861
52869
40176
53077
42733
50876
42987
47155
47161
43287
51362
41185
54178
41407
54445
41685
52201
44318
52623
48531
48739
52892
45095
55416
42800
55765
42987
55953
45705
53834
45871
50103
50066
46439
54325
44095
57087
44350
57279
44575
55238
47167
55543
51410
51701
55695
48022
58625
45701
58879
45823
59086
48815
56803
49079
53093
53354
49159
57574
47114
60173
47449
60485
47503
58133
50307
58479
54651
54722
58883
50889
61587
48783
61763
49096
62066
51654
59699
51967
55981
56217
52293
60441
52579
63105
50351
63346
50662
61249
53399
61404
57565
57643
61765
53886
62112
51617
64624
51946
64936
54724
62775
54985
59158
59153
55265
9745
65535
12328
65535
12594
65535
10522
2690
10762
6904
7130
11045
3437
11290
65535
14182
65535
14423
4245
12093
4449
8425
8673
4788
12866
5025
15493
2951
15697
2923
13385
5815
13685
9996
10014
14183
6343
14469
4219
17076
4543
17338
7118
14960
7399
11269
11545
7663
15751
7885
18375
5773
18645
6057
18890
8705
16817
12883
12845
17054
9209
17351
7129
20087
7374
20321
7665
18109
10249
14450
14402
10526
18595
10797
21376
8688
21683
8938
21897
11590
19831
15785
15999
20060
12347
20303
10003
22935
10253
23253
10529
21110
13130
17323
17387
13664
21680
13893
24510
11607
24545
11849
24765
14455
22697
18633
18941
22931
15226
23224
12867
26123
13119
26430
13420
24031
16305
20305
20630
16545
24773
16826
27460
14713
27671
14977
27865
17573
25626
21961
21927
22171
18095
26363
16002
28965
16314
29225
16534
26921
19283
23225
23494
23509
27690
19859
30297
17605
30629
17598
30815
20586
28709
24774
25023
25029
21143
29249
18885
31889
19305
32161
19594
30029
22213
26375
26405
26607
30571
22979
33217
20617
33422
20833
33703
23533
31610
27659
27975
27916
24309
32155
21922
34788
22178
35021
22466
32875
25073
29229
29243
29517
33429
25891
35898
23531
36225
23774
36447
26678
34471
30805
30834
31101
27139
35310
25081
37506
25308
37807
25373
35797
28195
32135
32415
32421
36193
28703
38773
26659
39227
26890
39324
29527
36994
33709
33669
33963
30045
37789
27981
40369
28193
40678
28517
38587
31083
35017
35238
35335
39067
31629
41691
29585
41937
29821
42251
32386
40135
36225
36473
36485
32945
40634
30869
43285
31161
43515
31365
41459
34015
37697
37803
38069
41961
34758
44577
32402
44885
32712
45113
35264
42999
39121
39319
39327
35677
43520
33709
46445
33977
46433
34274
44392
36501
44555
40709
40888
44866
37251
47741
35321
48003
35537
48249
38015
45937
38353
42244
42493
38577
46578
36478
49303
36714
49574
36987
47331
39641
47504
43808
43823
48050
40131
50581
38089
50969
38297
51209
40878
48818
41197
45109
45371
41475
49627
39306
52201
39629
52649
39839
50337
42500
50523
46779
46690
50942
43058
53599
40926
53973
41182
54145
43819
51944
44073
48283
48291
44214
52570
42307
55207
42555
55523
42729
53403
45412
53590
49559
49798
54022
46219
54142
43834
56857
44106
57027
46686
54949
47007
51217
51149
47475
55521
47725
58336
45403
58625
45613
56254
48503
56538
52861
52851
56834
49003
57343
46943
59921
47023
60214
49830
57826
50063
54173
54434
50392
58686
50548
61210
48553
61493
48790
59125
51417
59453
55767
55721
59906
51953
60211
49832
62829
50096
63189
52889
60965
53165
57074
57422
53408
61509
53573
64109
51473
64333
51641
62347
54397
62553
58669
58947
62534
54965
63064
52905
12086
65535
10013
6097
6368
6385
2711
10537
65535
13281
65535
13398
65535
11340
3729
11725
7638
7885
11686
4277
14722
65535
14973
65535
15233
5044
12841
5339
9217
9520
5545
13657
3450
16310
3745
16551
3963
14159
6603
14454
10801
10775
14980
7111
17647
5021
17888
5302
18086
7929
16055
8189
12093
12348
8242
16555
6357
19303
6615
19629
6875
17323
9509
17601
13677
13950
17855
10027
20601
7923
20914
8137
21127
10801
18909
11081
15256
15281
11601
19551
9238
22157
9487
22469
9726
20326
12345
20628
16539
16824
20899
13153
21177
10761
23763
11042
24025
13690
22037
13906
18116
18123
14469
22445
14748
25343
12347
25705
12639
23240
15497
23521
19813
19833
24093
15985
24343
13902
26908
13931
27147
16821
24823
17081
21137
21382
17337
25606
17629
28265
15521
28455
15759
26115
18383
26401
22725
22701
26897
18933
27225
16841
29805
17068
30047
19795
27925
20074
24045
24286
20333
28481
20637
31093
18359
31394
18645
29269
21391
29503
25622
25832
29798
21881
30071
19825
32683
20147
32911
20363
30813
22948
27181
27141
23490
31389
23777
34021
21433
34267
21631
34509
24307
32393
28475
28769
32640
25102
32922
22685
35823
23025
35821
23250
33689
26147
30061
30087
26405
34191
26623
36730
24329
36955
24533
37299
27437
35307
31677
31597
35779
27939
35656
25806
38334
26157
38599
26423
36202
29049
32965
33172
29231
37013
29529
39625
27407
39837
27693
40197
30353
37811
34531
34499
38303
30860
38629
28721
41237
28993
41469
29227
39349
31949
35886
35658
35941
39877
32503
42461
30305
42779
30676
43050
33205
40959
36999
37269
37289
33967
41401
31621
44068
31913
44425
32173
42216
34820
38586
38562
38810
42769
35582
45397
33239
45689
33478
45943
35653
43840
39883
40165
40133
36475
44385
34478
47191
34769
47470
35044
45067
37481
41495
41741
41719
45663
38055
48525
35957
48729
35879
49049
38826
46683
43060
43009
43297
39382
47524
37198
50065
37509
50413
37770
47998
40397
44331
44583
44578
48791
40966
51457
38823
51690
39097
51916
41757
49886
45896
45887
46139
42231
50357
40173
53055
40413
53404
40680
51113
43310
47444
47515
47741
51693
43806
54414
41692
54689
42011
55023
44601
52841
48763
49095
49101
45320
53333
42974
56050
43289
56261
43545
54194
46166
50373
50317
50678
54703
47005
57630
44632
57880
44843
57877
47529
55738
51597
51918
51958
48333
56241
45881
59157
46212
59455
46423
57047
49322
53343
53592
53589
57834
49737
60455
47693
60744
48017
60943
50715
58624
50806
54945
55201
51157
59505
48978
61894
49330
62263
49617
59909
52214
60333
56555
56552
60744
52907
63342
50608
63582
50905
63943
53628
61795
53868
57820
58105
54142
62270
51934
64931
52225
65206
52429
63006
55277
9719
5818
6076
10019
2453
12871
65535
13145
65535
13157
3005
11021
3234
7412
7405
3713
11577
65535
14441
65535
14744
65535
12325
4798
12627
8956
8927
13105
5310
15770
3203
16054
3469
16278
6119
13936
6337
10277
10507
6613
14713
6851
17347
4786
17642
5035
15267
7611
15543
11805
11825
16001
8186
16305
6071
18845
6326
19321
8963
17061
9241
13150
13435
9484
17601
9733
20375
7640
20647
7890
18373
10549
18636
14700
14984
18944
11031
19303
8968
21917
9073
22197
11811
20122
12108
16265
16297
12645
20568
12879
23265
10471
23552
10762
21381
13408
21686
17633
17897
21938
14205
22170
11847
25069
12022
25349
14993
22994
15226
19304
19557
15527
23519
15759
26417
13697
26698
13665
26853
16573
24539
20861
20908
25045
16717
25335
14959
27982
15257
28234
15517
25857
18091
22199
22429
18391
26618
18686
29277
16534
29530
16839
29807
19595
27689
23762
23777
27953
20102
28219
17888
30841
18125
31107
18397
28967
21141
25341
25348
21397
29567
21691
32107
19550
32417
19831
32689
22476
30558
26667
26893
30803
23209
31085
20845
33729
21213
33977
21404
31933
24029
28191
28193
24546
32453
24833
35029
22451
35270
22705
35593
25304
33441
29602
29764
29767
26125
33989
23767
36469
24031
36700
24317
34758
27145
31069
31371
31379
35511
27688
37831
25599
38133
25598
38290
28491
35971
32659
32662
32927
28992
36754
26949
39369
27167
39641
27436
37233
30046
34015
34270
34281
38047
30541
40666
28507
40938
28750
41221
31257
39122
35542
35579
35899
31889
39663
29811
42283
30023
42507
30341
40435
32943
36713
36712
37017
40881
33462
43499
31417
43888
31569
44079
34295
41958
38032
38321
38311
35009
42547
32765
45107
32957
45358
33210
43287
35786
39453
39630
39861
43803
36261
46661
34207
46973
34525
46941
36977
44900
40897
41165
41454
37541
45426
35567
48302
35661
48567
35681
46177
38613
42521
42796
42779
46982
39106
49601
37027
49796
37249
50077
39925
47747
44099
44042
44355
40414
48540
38283
51157
38591
51634
38867
49351
41410
45409
45645
45593
49841
41991
52578
39818
52689
40146
53089
42746
50886
46963
47419
47213
43301
51379
41139
54166
41457
54411
41697
52221
44325
48541
48506
48769
52893
45145
55510
42732
55703
43019
56013
45585
53913
45912
50118
50125
46482
54437
44077
57070
44366
57366
44633
55256
47227
55573
51405
51665
55768
48025
58647
45615
58933
45879
59233
48829
56813
49093
53135
53379
49341
57550
47181
60197
47501
60436
47498
58139
50307
58395
54641
54692
58895
50861
61486
48811
61743
49041
62199
51662
59734
51936
55993
56245
52213
60489
50101
63050
50283
63382
50698
61236
53400
61539
57637
57574
61829
53935
64369
51707
64658
51930
64881
54685
62909
54974
59144
59174
55229
12066
65535
12389
65535
10226
2411
6589
6595
6906
10801
3222
13699
65535
13936
65535
14185
4006
11797
8150
8167
8431
4515
12365
2421
15248
2699
15561
2686
13155
5549
9499
9702
9729
13981
6071
16525
3988
16801
4224
17070
6871
14730
11060
11058
11305
7426
15525
5302
18161
5552
18367
5837
16266
8478
12339
12629
12623
16842
8967
19557
6878
19857
7138
20101
9730
17889
13882
14207
14187
10273
18407
8171
21147
8455
21415
8690
19345
11327
19598
15514
15760
19823
12153
22432
9725
22689
10009
22973
12623
20881
12916
17075
17039
13430
21656
11039
24279
11339
24295
11579
22229
14187
22405
18399
18667
22695
14971
25621
12641
25876
12915
26179
15837
23786
16077
20103
20385
16280
24542
14194
27164
14448
27429
14719
25105
17335
25342
21697
21666
25909
17886
28472
15789
28703
16015
29017
18661
26661
18903
22949
23241
19277
27458
17115
30015
17274
30287
17605
28210
20349
28479
24575
24565
28781
20847
28995
18668
31613
18937
31893
21681
29821
21915
26137
26213
22225
30345
22515
32925
20325
33199
20474
31073
23270
31379
27420
27672
31645
23722
31859
21701
34483
21939
34766
24537
32997
24797
29003
29013
25397
33223
25621
35774
23277
35675
23514
34009
26406
34224
30343
30593
34550
26919
34701
24833
37279
24781
37557
27624
35579
27973
31927
32183
28237
35989
28516
38610
26402
38808
26625
36501
29261
36673
33482
33481
37227
29861
37474
27699
40137
27986
40446
28250
38348
30819
34757
35034
31102
38812
31399
41449
29249
41643
29532
42061
32139
39885
35918
36203
40197
32676
40431
30593
43112
30849
43307
31061
41165
33771
37533
37499
34258
41717
34499
44317
32130
44557
32409
44877
35053
42763
38835
39108
43010
35780
43313
33433
46109
33691
46177
33979
44066
36189
40428
40403
36667
44575
37043
47477
34993
47701
35305
48009
37813
45634
41918
41990
46209
38286
46381
36085
48978
36177
49298
36713
46961
39331
43287
43529
43460
47717
39901
50377
37785
50625
38029
50887
40693
48580
44795
44849
45175
41193
49257
39109
51880
39306
52215
39635
50059
42214
46157
46407
46480
50613
42774
53366
40651
53630
40839
53785
43518
51681
47777
48013
48035
44015
52211
41993
54969
42210
55249
42453
53192
45122
49275
49306
49531
53581
45884
56249
43603
56479
43814
56769
46445
54686
50644
50826
50877
47241
55030
44781
58109
45114
58123
45365
56014
48191
52194
52222
52581
56491
48861
59550
46409
59635
46632
59971
49613
57581
53978
53886
54145
50101
58341
47953
60939
48365
61317
48657
58941
51121
55228
55505
55487
59713
51685
62399
49581
62456
49814
62839
52613
60729
56814
56790
57093
53169
61283
50884
63885
51117
64201
51413
61971
54201
58393
58303
58268
62534
54715
65227
52605
65374
52863
12099
65535
9973
6081
6378
6339
2731
10526
65535
13394
65535
13434
65535
11297
3737
7633
7613
7878
11835
4207
14744
65535
14975
65535
15277
5041
12906
5331
9239
9363
5542
13678
3458
16309
3737
16547
3981
14184
6582
14438
10823
10769
14957
7120
17620
5055
17854
5318
18083
7915
16025
8177
12073
12343
8447
16574
6357
19338
6602
19593
6861
17339
9507
17633
13694
13931
17945
10023
20601
7898
20841
8169
21141
10625
18907
11042
15220
15306
11610
19550
9203
22201
9487
22409
9741
20345
12366
20631
16565
16824
20825
13174
23521
10825
23793
11082
24055
13707
21919
13901
18097
18135
14490
22451
14695
25361
12354
25584
12619
23281
15484
23473
19861
19819
24025
16043
24325
13963
26911
13919
27158
16831
24849
17015
21155
21401
17370
25589
17617
28238
15517
28482
15763
26151
18395
26389
22695
22729
26898
18919
27193
16833
29810
17077
30041
19823
27980
20093
24037
24171
20359
28491
20606
31145
18384
31377
18666
29184
21353
29557
25596
25949
29772
21924
30035
19849
32704
20077
32938
22677
30844
22966
27177
27191
23525
31345
23762
33968
21416
34281
21701
32165
24324
32421
28519
28688
32699
25089
32943
22725
35789
22935
35821
23241
33691
26103
30033
30057
26377
34238
26612
36677
24273
37027
24525
37235
27411
35287
31605
31639
35876
27955
35697
25857
38325
26178
38585
26361
36189
28967
32901
33163
29242
36981
29571
39633
27465
39861
27690
40190
30273
37789
34459
34497
38301
30837
38569
28722
41187
29009
41393
29238
39341
31845
35807
35679
32091
39898
32395
42445
30397
42746
30565
43024
33203
40896
36994
37241
41162
33946
41442
31659
44105
31898
44309
32186
42247
34752
38550
38553
38783
42735
35538
45349
33196
45639
33467
45903
35669
43802
39914
40135
40183
36419
44337
34483
47169
34802
47456
35037
45121
37467
41441
41615
41670
45583
38109
48557
35955
48827
36028
49099
38845
46663
42965
43031
43323
39352
47492
37221
50135
37523
50513
37791
47969
40389
44261
44569
44595
48797
40873
51408
38805
51725
38777
51902
41635
49821
45926
45999
46188
42265
50287
40168
53141
40448
53373
40725
51186
43233
47517
47517
47739
51701
43803
54476
41761
54721
41997
54917
44594
52875
48801
49085
49135
45401
53423
42983
56069
43310
56271
43544
54153
46129
50353
50363
50628
54761
46926
57608
44638
57781
44933
57845
47529
55745
51667
51913
51959
48259
56261
45915
59219
46241
59459
46471
57142
49295
53399
53621
53715
57886
49877
60491
47805
60695
48085
61004
50581
58688
54907
55027
55285
51190
59413
49051
62057
49137
62377
49594
59930
52259
56246
56577
56511
60797
52876
63363
50699
63670
50943
63907
53670
61810
53821
57827
58131
54171
62311
51943
64897
52191
65169
52605
63032
55179
5853
9713
65535
12365
65535
12617
65535
12882
2678
10789
6881
7163
7085
3447
11306
65535
14188
65535
14458
65535
12083
4519
8439
8718
8709
12869
5051
15497
2932
15771
2991
16024
5774
13678
9973
10009
10294
6357
14473
4274
17143
4507
17313
4811
14977
7379
11314
11563
11557
15794
7903
18399
5828
18677
6090
18931
8693
16820
12907
12879
13150
9238
17321
7141
20106
7429
20350
7659
18089
10265
14477
14456
14705
18676
10765
21371
8725
21715
8953
21928
11587
19841
15773
15993
16041
12314
20333
9979
23003
10237
23243
10537
21136
13178
17342
17363
17624
21689
13923
24607
11537
24839
11857
24797
14471
22737
18653
18957
18974
15235
23281
12891
26146
13163
26415
13421
24049
16263
20307
20595
20622
24813
16803
27425
14713
27694
14992
28010
17603
25624
21965
21851
22269
18113
26409
16011
29021
16279
29284
16574
26921
19285
27439
23471
23491
27665
19825
30309
17567
30584
17882
30846
20613
28694
20944
25063
25070
21174
29239
18890
31901
19305
32196
19556
30066
22181
30307
26409
26651
30585
22983
33218
20633
33498
20877
33737
23559
31625
23773
27981
27973
24330
32181
21926
34790
22197
35023
22448
32927
25061
33223
29274
29529
33447
25851
35908
23519
36172
23793
36503
26647
34490
26948
30851
31153
27133
35307
25090
37521
25327
37813
25378
35878
28243
35695
32463
32406
36241
28734
36478
26633
39083
26905
39387
29548
36973
29789
33766
33998
30021
37758
30430
40331
28245
40665
28445
38605
31121
38831
35306
35282
39089
31690
39287
29526
41991
29811
42281
32365
40118
32715
36446
36507
32939
40657
33191
43293
31102
43567
31409
41465
34026
41753
37838
38050
41981
34811
42242
32480
44926
32689
45110
35286
43068
35567
39357
39362
35674
43546
35983
46377
34039
46365
34249
44317
36502
44604
40693
40921
44849
37227
45122
35353
48057
35597
48274
35819
45926
38336
42298
42473
38562
46689
38822
49314
36753
49559
36995
49986
39642
47491
43915
43807
48001
40153
48246
38073
50905
38333
51164
38549
48811
41231
45161
45394
41466
49606
41721
52241
39612
52680
39899
52875
42542
50695
46673
46750
50919
43037
51175
40902
53946
41151
54174
41465
51855
44042
48242
48327
44305
52567
44869
55215
42541
55479
42750
55774
45366
53575
49603
49835
53953
46215
54206
43789
56813
44092
57081
44355
54954
46987
51305
51177
51391
55505
47735
58439
45431
58707
45611
58935
48524
56513
52829
52906
53211
49137
57291
47006
59926
46975
60265
47122
57833
50107
54218
54483
54501
58722
50637
61237
48541
61579
48789
61846
51485
59437
55757
55695
56003
51963
60246
49828
62807
50109
63075
50351
61039
53213
57010
57295
57333
61589
53627
64166
51479
64432
51717
64641
54427
62575
58705
58865
58935
54977
63103
52867
12085
65535
12458
65535
10162
2451
6610
6638
6901
10791
3222
13707
65535
13917
65535
14297
3990
11838
8150
8154
8431
4522
12361
2445
15253
2703
15479
2714
13162
5554
9509
9765
9719
13927
6102
16564
4029
16808
4249
17099
6861
14739
11104
11053
11343
7403
15515
5325
18111
5541
18387
5794
16294
8423
12370
12663
12621
16839
8949
19580
6874
19821
7143
20049
9754
17847
13978
14195
14206
10269
18377
8155
21193
8429
21433
8717
19189
11298
15513
15547
15773
19870
12096
22437
9741
22741
9984
22987
12635
20885
16837
17094
17100
13436
21419
11075
24270
11289
24329
11593
22233
14191
22471
18390
18662
22726
14950
25619
12613
25937
12890
26127
15754
23794
16006
20148
20525
16281
24558
14190
27135
14462
27443
14731
25108
17303
25341
21670
21693
25878
17907
28477
15781
28727
16034
29023
18663
26693
18946
22974
23282
19343
27426
17085
30111
17371
30334
17627
28245
20321
28497
24529
24536
28713
20853
31358
18662
31617
18902
31841
21697
29806
21977
26117
25872
22215
30319
19961
32897
20345
33209
20594
31097
23261
31313
27433
27687
31627
24022
31833
21701
34552
21974
34797
24509
32715
24849
29023
29009
25342
33213
25617
35682
23287
35695
23490
34009
26446
34278
30339
30676
34545
26929
34759
24867
37248
24885
37557
27681
35531
27927
31887
32134
28199
35953
28518
38551
26423
38841
26613
36471
29285
36711
33476
33459
37279
29787
37517
27709
40095
27954
40379
30541
38347
30819
34813
35015
31070
38866
31346
41451
29248
41722
29517
39630
32162
39861
35927
36215
40131
32650
40364
30614
43034
30863
43291
31094
41161
33710
37549
37522
34302
41689
34565
44297
32171
44559
32437
44946
35076
42725
38798
39039
43029
35845
43225
33469
46193
33721
46162
33948
44087
36203
40377
40423
36719
44546
36985
47443
35075
47679
35414
48067
37755
45649
41995
41934
46179
38342
46461
36161
49070
36222
49331
36710
46981
39371
43309
43544
39571
47733
39919
50355
37776
50623
38045
50925
40677
48519
44830
44853
49030
41181
49351
39091
51975
39344
52142
39613
50073
42291
46253
46425
46390
50645
42821
53405
40662
53662
40943
53963
43512
51697
47709
47971
48039
44069
52127
41993
54975
42242
55175
42484
53155
45120
49353
49281
49509
53611
45890
56277
43529
56593
43789
56760
46403
54673
50645
50737
50932
47403
55253
44862
58105
45141
58053
45375
56025
48273
52210
52225
52553
56569
48789
59485
46453
59649
46773
59934
49513
57583
53883
53969
54179
50097
58402
47958
60965
48262
61275
48537
58909
51176
55241
55446
55525
59689
51649
62391
49561
62566
49805
62851
52557
60787
56777
56865
57137
53118
61259
50786
63957
51241
64153
51459
61940
54183
58453
58313
58626
62552
54739
65247
52593
65406
52905
9730
5823
6080
10033
2441
10286
65535
13217
65535
13123
65535
11035
3197
7379
7389
3719
11569
3962
14455
65535
14765
65535
14925
4781
12658
8959
8941
13135
5297
13403
3209
16021
3472
16291
3723
13941
6331
10269
10519
6717
14732
6921
17335
4770
17600
5031
17851
7617
15498
11811
11837
12069
8153
16289
6077
18919
6348
19297
6598
17069
9253
13129
13395
13431
17638
9767
20326
7627
20637
7929
20889
10581
18655
14722
14999
14933
11065
19327
8962
21910
9229
22211
9406
20109
12111
16294
16302
16541
20637
12929
23306
10569
23511
10793
23781
13434
21681
17639
17901
17873
14190
22203
11837
25092
12077
25334
12344
23015
15258
19303
19589
19489
23507
15771
26341
13659
26659
13700
26922
16549
24577
20877
20890
21129
17066
25372
15034
27975
15238
28223
15510
25859
18079
22211
22446
22507
26649
18634
29217
16546
29525
16805
29814
19581
27722
23785
23787
24027
20090
28215
17873
30831
18132
31128
18413
28986
21138
25398
25369
25605
29539
21649
32116
19591
32488
19797
32666
22499
30571
26653
26870
26765
23265
31135
20863
33772
21151
33965
21430
31887
24024
28121
28167
28455
32385
24836
35036
22446
35582
22705
35575
25175
33449
29551
29806
29787
26155
33969
23745
36478
24051
36698
24305
34880
27172
35010
31341
31363
35521
27664
37797
25586
38049
25625
38304
28494
36002
28748
32696
32925
29055
36710
26909
39340
27329
39635
27410
37237
30095
37521
34249
34273
38085
30610
40657
28521
40939
28724
41229
31361
39125
31647
35629
35850
32015
39609
29753
42257
30049
42452
30355
40403
32875
40709
36717
37032
40942
33442
43519
31393
43842
31653
44062
34251
41917
34538
38339
38285
34963
42513
32751
45041
32927
45426
33209
43285
35826
43562
39561
39837
43886
36172
44045
34224
46967
34503
46985
37003
44909
37275
41129
41481
37509
45353
37765
48287
35719
48506
35687
46233
38574
46444
42758
42795
46991
39091
47204
36982
49882
37244
50116
39813
47769
40153
44022
44327
40432
48527
40650
51185
38627
51432
38802
49291
41422
49643
45531
45581
49781
41982
50145
39875
52835
40109
53063
42747
50878
42947
47256
47240
43263
51401
43569
54182
41420
54381
41766
52265
44321
52611
48571
48787
52919
45097
53075
42723
55733
43106
56004
45656
53883
45897
50050
50103
46497
54426
46685
57049
44290
57333
44635
57549
47116
55483
51411
51655
55666
47995
56007
45662
58956
45910
59217
46238
56838
49051
53105
53459
49329
57665
49537
60231
47430
60418
47495
60663
50365
58294
54670
54676
58928
50917
59117
48781
61772
49056
61979
49307
59702
51925
55995
56234
52198
60453
52601
63086
50389
63349
50636
63665
53404
61489
57439
57590
61775
53923
62020
51733
64721
51947
64903
52191
62785
54934
59238
59158
55253
9741
65535
12362
65535
12641
65535
12847
2695
10779
6901
7125
7109
3489
11311
65535
14205
65535
14428
65535
12091
4487
8437
8694
8689
12949
5039
15527
2933
15726
2972
16013
5794
13694
9986
9979
10227
6333
14479
4265
17069
4515
17332
4781
15012
7401
11338
11560
11568
15789
7903
18373
5783
18644
6081
18909
8669
16830
12851
12893
13133
9257
17339
7125
20101
7397
20344
7659
18146
10244
14420
14434
14731
18667
10783
21406
8706
21667
9005
21935
11583
19849
15763
16016
16017
12360
20341
10017
22952
10266
23290
10534
21141
13166
17355
17375
17617
21673
13929
24487
11582
24817
11818
24817
14448
22709
18659
18911
18929
15305
23276
12903
26155
13145
26430
13417
24053
16238
20369
20557
20601
24847
16829
27460
14727
27630
14972
27965
17611
25617
21917
21961
22223
18098
26381
15989
28999
16280
29296
16553
26929
19279
23178
23505
23498
27681
19824
30310
17574
30573
17877
30818
20605
28741
24833
25079
25106
21149
29263
18933
31892
19313
32128
19570
30105
22183
30305
26415
26665
30594
22967
33221
20653
33486
20855
33690
23481
31633
23790
27938
27921
24313
32123
21905
34740
22187
35031
22477
32918
25053
33173
29281
29561
33482
25877
35978
23503
36198
23755
36486
26589
34549
26914
30839
31068
27139
35315
25068
37517
25321
37887
25321
35878
28220
35694
32335
32383
36176
28775
38742
26652
39097
26931
39326
29523
37031
29789
33698
34009
30042
37759
27968
40404
28223
40683
28495
38558
31045
38824
35269
35279
39125
31643
39254
29511
41901
29781
42222
32355
40093
32699
36465
36849
32909
40669
33209
43306
31125
43554
31377
41490
33993
41734
37797
38087
42030
34771
42214
32405
44901
32737
45127
35277
42980
35561
39379
39374
35705
43622
36008
46483
33999
46461
34266
44289
36501
44606
40701
40946
44831
37265
45099
35309
47981
35581
48201
37982
45982
38181
42283
42517
38601
46655
38869
49263
36701
49523
37023
47236
39736
47491
43813
43843
48003
40126
48290
38074
50921
38383
51227
38585
48835
41237
45119
45332
41451
49574
41731
52197
39607
52561
39815
52909
42468
50664
46673
46676
50855
43018
51142
40921
53887
41189
54118
41395
51932
44061
48218
48213
44265
52657
44869
55279
42483
55496
42713
55713
45439
53630
49591
49794
53857
46171
54161
43839
56782
44073
57003
44312
54945
46975
51157
51176
47393
55417
47755
58365
45383
58652
45686
58891
48547
56542
52834
52847
56841
49067
57291
46990
59974
46936
60271
47177
57852
50102
54227
54421
54385
58663
50645
61256
48535
61511
48786
61807
51390
59372
55699
55741
56094
51951
60235
49802
62893
50098
63101
50351
61033
53097
57097
57342
57185
61543
53635
64113
51485
64333
51713
64689
54443
62589
58605
58853
58920
54946
63058
52853
12099
65535
9994
65535
6331
6339
2709
10516
2963
13403
65535
13388
65535
11310
3699
11586
7643
7925
11795
4260
12073
65535
15093
65535
15266
5019
12846
5318
9217
9472
5538
13693
5801
16273
3726
16567
3969
16781
6587
14437
10785
10761
14999
7145
15209
5045
17879
5332
18105
5537
16032
8173
12099
12305
8439
16564
8703
19333
6608
19621
6874
19811
9489
17625
13695
13945
17883
10023
18106
7899
20881
8125
21135
8419
18920
11083
15211
15231
11579
19591
11825
22201
9504
22457
9725
22713
12394
20635
16519
16829
20871
13141
21149
10779
23773
11013
24029
11339
21948
13855
18074
18082
14448
22442
14723
25345
12345
25615
12634
25865
15482
23479
19849
20033
20086
16020
24310
13955
26895
13909
27193
14217
24822
17085
21134
21413
21426
25589
17598
28199
15506
28538
15740
28738
18366
26430
22689
22683
22969
18933
27130
16798
29770
17043
30014
17364
27953
20078
24041
24282
24298
28419
20626
31321
18348
31419
18667
31613
21434
29489
25605
25857
25847
21927
30022
19805
32705
20120
32917
20351
30837
22959
27166
27146
27420
31336
23766
33934
21478
34295
21709
34518
24281
32416
28453
28721
28712
25063
32947
22731
35842
22973
35829
23223
33694
26117
30067
30049
30322
34270
26666
36677
24278
36999
24507
37234
27457
35265
31682
31660
31879
27953
35653
25876
38346
25955
38585
26380
36199
29035
32923
33179
33189
36993
29524
39629
27455
39862
27678
40166
30307
37766
34499
34509
34786
30831
38537
28715
41175
29003
41429
29257
39354
31901
35841
35701
35949
39825
32393
42545
30313
42729
30587
42963
33162
40927
36969
37243
37216
33981
41441
31625
44081
31889
44329
32194
42263
34780
38623
38602
38882
42743
35574
45373
33185
45639
33473
45901
35587
43758
35985
40117
40123
36443
44317
34502
47189
34857
47512
35055
45103
37499
45385
41693
41728
45691
38141
48578
35917
48793
35901
49024
38806
46690
39038
43005
43287
39317
47491
37242
50073
37498
50394
37738
47901
40432
48310
44505
44505
48835
40924
51385
38802
51707
39093
51939
41734
49827
41901
45909
46143
42219
50391
40125
53191
40430
53425
40677
51203
43288
51395
47453
47701
51705
43952
54422
41763
54642
41973
54950
44611
52842
44830
49026
49043
45413
53450
45658
56001
43305
56245
43502
54169
46203
54449
50351
50630
54609
46993
55025
44625
57881
44911
57834
47493
55794
47725
51967
51999
48281
56297
48517
59242
46179
59409
46273
57049
49253
57258
53617
53650
57822
49827
58137
47731
60742
48095
60993
50623
58666
50879
54970
55207
51135
