44555
48275
40135
50373
37237
49821
36977
49513
38806
46361
42503
42237
41700
37510
45111
35058
46980
34473
46433
33758
43277
35577
38858
38298
38037
41690
33731
43289
30557
42769
30053
42001
31680
38842
34767
34529
34027
29809
36709
26377
38586
25859
37833
24829
35007
26649
30297
29755
29240
32941
24841
34789
21666
33926
20854
33207
22737
30034
25891
25621
25097
20861
28459
17897
30293
17371
29791
16498
26895
18662
22471
22220
21991
25593
17339
27734
14448
27169
14178
26906
16271
24301
20121
20088
19838
15765
23482
13167
25897
12918
25878
12894
23277
15229
19316
19327
19298
23263
15217
25922
12867
25868
13163
26091
15765
24009
20109
20345
20341
16505
24528
14465
27465
14743
27991
15215
25855
18104
22477
22714
22993
27172
19633
30087
17681
30829
18101
31361
21457
29547
25851
26394
26658
23019
31373
21169
34538
21947
35045
22717
33461
25865
30326
30601
31097
35318
27930
38073
26151
39093
26914
39593
30090
38050
30777
35287
35585
32175
39937
30319
42994
31140
43811
31871
41944
35007
42833
39110
39625
43787
36238
46697
34737
47547
35346
48045
38085
46171
38546
42781
43091
39093
47141
37251
50078
37508
50645
38059
48496
40629
48821
44861
45155
49131
41417
51698
39155
51914
39350
51951
41710
49554
41733
45665
45653
41770
49594
39270
51925
39141
51915
39125
49293
41226
49075
44915
44877
48457
40651
50682
37747
50394
37547
49841
39353
46941
38886
42787
42485
38437
45934
37484
47769
35031
47216
34475
44096
35867
43293
39090
38789
42496
34495
41805
31393
43299
30823
42777
32411
39637
31595
35261
34804
30589
37509
29826
39301
26351
38577
25857
35833
27406
35055
30571
30315
33689
25604
32906
22423
34816
21708
33978
23501
30859
22804
26397
25890
21657
29271
21133
31133
17881
30201
17351
27392
19299
26921
22730
22434
26143
17881
25573
14963
27681
14419
27162
16559
24682
16293
20355
20137
15992
23750
15786
26103
13149
25963
12874
25875
15259
23233
19301
19298
23245
15226
23219
12897
25850
12881
25897
13213
23778
15787
20137
20129
16046
24331
16555
27167
14478
27431
14717
27981
17593
25903
22194
22446
26641
18961
27213
16823
30089
17313
30590
18185
28738
21427
25599
25881
22162
30581
22695
33701
21158
34254
21949
35083
25088
33473
29805
30337
34513
26905
35276
25405
38017
26149
38883
26918
37253
30059
34438
34798
31137
39093
32342
42242
30313
42995
31081
43838
34219
41963
38345
38810
39075
35807
43837
33998
46693
34764
47449
35307
45801
38029
42173
42520
42765
46977
39090
49841
37234
50083
37490
50616
40341
48505
44595
44871
44841
41214
49085
38827
51645
39089
51981
39366
49566
41679
45672
45681
45595
49533
41726
52237
39304
51909
39067
51895
41487
49288
45124
45069
44863
40873
48497
38045
50622
37749
50382
37512
47473
39349
43251
42946
42773
46442
38276
48158
35605
47721
35002
47161
36427
44061
39882
39561
39209
35290
42487
32185
44007
31615
43609
30815
40371
32410
35675
35597
35348
38555
30570
40073
27449
39347
26645
38567
28293
35825
31386
31142
30596
26385
33739
23251
35554
22464
34767
21686
31633
23496
26935
26633
26390
29784
21728
31634
18435
31110
17905
30335
19911
27483
23222
22961
22735
18417
26172
15477
28234
15121
27681
14423
24771
16540
20615
20335
20331
24058
15976
26445
13182
26134
13145
25857
15508
23197
19315
19281
19242
15253
23293
12863
25862
12865
25833
12877
23538
15523
19867
19838
20107
24029
16009
26657
13930
27197
14463
27459
17085
25343
17637
21954
22210
18102
26677
16283
29513
16825
30073
17315
28167
20593
28795
25083
25611
29802
22203
32958
20335
33685
21122
34288
24277
32675
25036
29250
29775
26153
34513
24537
37209
25342
38053
26105
36456
29253
37261
34010
34499
38309
31073
41445
29613
42234
30317
43025
33473
41103
34283
38051
38306
35308
42973
33394
46152
33991
46673
34829
44849
37247
45700
41669
42274
46145
38559
49301
36731
49823
37278
50091
39929
48049
40366
44639
44599
40947
48798
41193
51685
38772
51662
39038
49559
41715
49562
45594
45611
49568
41657
49620
39351
52193
39339
51955
41738
49323
41453
45400
45138
41158
49043
40873
51167
38045
50893
37783
47977
39875
47438
43589
43257
46915
38800
46722
35939
48309
35802
47734
37199
44856
36473
40146
39851
35723
43265
35345
44875
32173
44285
31635
41156
33202
40440
35925
35673
39335
31385
38581
28183
40146
27467
39325
29029
36245
28260
31886
31377
27177
34778
26395
35959
23235
35591
22455
34753
24276
31667
27453
26925
30579
22445
29826
19337
31641
18652
31015
17887
27979
19845
23505
23229
18965
26629
18393
28458
15514
28261
14985
27669
17081
24815
20909
20601
24341
16298
24050
13405
26405
13433
26122
13170
23509
15515
19301
19323
15242
23237
15258
25591
12869
25610
12878
25866
15510
23516
19575
19846
23709
15765
24026
13685
26665
13905
26861
14477
25069
17098
21416
21683
17904
26134
18109
29005
16305
29510
16804
30067
20137
28234
24541
24831
25051
21425
29788
19862
32946
20377
33469
21124
31873
24285
28454
29005
29273
33765
26111
36471
24573
37258
25346
38058
28497
32685
36718
29562
37488
27957
40673
28475
41426
31867
39603
32669
36499
37017
33812
41446
34473
44600
32657
45353
33169
43536
35967
44318
40674
40927
45079
37493
45593
35669
48790
36197
49019
39031
47193
39617
43550
43825
40191
48255
40362
50901
38369
51126
38573
49054
41230
49297
45407
45367
49573
41635
49557
39375
52261
39402
52243
39324
49319
41746
45660
45705
41693
49273
41441
51669
38814
51310
38592
51239
40699
48417
44293
44058
47745
39853
47536
37024
49328
36488
49113
35932
45974
37785
41474
41169
36975
44561
36487
46405
33693
45638
32903
45161
34804
41995
37773
37279
40909
32898
40137
29798
41705
28995
41215
28178
37821
30135
33443
33210
28681
35927
27973
37487
24794
36703
24018
35931
25913
33226
28986
28479
32180
24007
31347
20876
33225
20140
32422
19293
29547
21159
24901
24549
24267
27948
19594
29817
16526
29272
16019
28739
18118
25883
21602
21417
21190
16726
24809
14159
26889
13937
26653
13394
23770
15764
19850
19541
19594
23473
15209
25879
12857
25584
12891
25599
15238
23237
19333
19322
19560
15500
23485
13153
26119
13397
26401
13712
24303
16273
20631
20873
20842
25071
17331
27949
15241
28425
15769
29015
18647
26887
23283
23521
23771
20105
28447
18110
31295
18873
32127
19574
30301
22679
26883
27427
27686
32129
24557
35313
22721
35666
23521
36466
26629
35023
31382
31885
32441
28741
36717
26907
39877
27979
40678
28311
38801
31903
35665
35961
36485
40713
33693
43851
31939
44621
32688
45351
35569
43517
39891
40141
40703
37003
45151
35269
48054
35669
48526
36215
46685
39093
43294
43546
43559
47762
40189
50688
38017
50881
38295
51215
40943
49109
45057
45377
45229
41446
49635
39341
51918
39299
52174
39373
49489
41737
45691
45614
45641
49625
41734
51945
39057
51675
38812
51423
40975
48789
40630
44567
44351
40019
47771
37263
49831
36979
49578
36494
46389
38314
45915
41687
41497
45103
36998
46922
34243
46463
33765
45654
35606
42769
34827
38017
37747
33713
40948
30432
42508
29749
41941
29001
38833
30814
37795
34023
33501
36729
28753
38574
25591
37523
24814
36699
26625
34002
25914
29293
29035
24793
32145
21675
34000
20907
33181
20137
30058
21894
29542
25070
24837
28438
20313
30345
17101
29783
16553
29321
18653
26401
18134
21985
21689
17381
25085
16781
27160
14249
26908
13877
24324
16041
23803
19806
19830
23530
15517
23528
12891
25906
12886
25658
15231
23269
15247
19333
19314
15231
23527
15482
25882
13168
26127
13421
24003
16023
24293
20359
20627
24549
16824
25062
14724
27951
15263
28493
18137
26389
18655
22974
23277
19590
27718
20111
30863
18067
31373
18917
29503
21957
30331
26610
26863
31371
23748
32176
21936
35274
22665
35857
25898
34233
26623
31135
31342
27922
35688
28735
39098
26876
39682
27693
38053
30810
38809
35530
35625
39850
32933
40658
31083
43799
31889
44630
32688
42786
35533
39601
39853
36208
44261
36971
47405
35317
48017
35665
48593
38585
46699
42985
43285
47203
39630
47757
37513
50648
38082
50922
38279
48770
40899
45113
45093
41437
49286
41466
51909
39330
51880
39355
52166
41718
49553
45621
45637
49591
41754
49593
39096
51989
39079
51657
38807
49049
40853
44775
44587
40605
48221
40177
50300
37205
49835
36984
49537
38817
46445
42510
42281
45881
37546
45077
35018
46963
34529
46479
33717
43321
35581
38811
38314
38009
41725
33689
43297
30577
42769
30133
41963
31585
38821
34797
34481
33985
29775
36781
26374
38594
25862
37773
24785
35037
26661
30333
29776
29222
32894
24817
34766
21663
34001
20881
33262
22759
30035
25882
25569
25053
20908
28491
17885
30289
17391
29786
16551
26911
18655
22481
22189
22056
25639
17381
27666
14489
27146
14222
26873
16241
24340
20133
20115
19821
15789
23473
13163
25868
12872
25883
12987
23324
15245
19299
19320
19322
23274
15241
25927
12870
25861
13157
26171
15791
24024
20113
20322
20351
16547
24557
14453
27454
14773
27974
15185
25837
18058
22440
22677
22949
27225
19551
30063
17729
30774
18132
31349
21405
29493
25935
26387
26630
22981
31409
21137
34525
21950
35041
22711
33443
26034
30305
30598
31111
35287
27987
38013
26139
39112
26954
39641
30089
38016
34762
35273
35585
32261
39857
30345
43006
31111
43792
31908
41976
35007
38801
39110
39607
43789
36317
46725
34801
47509
35333
47975
38103
46171
38572
42789
42957
39047
47173
37232
50072
37474
50657
38037
48498
40685
48825
44870
45105
49045
41461
51723
39088
51897
39364
51949
41709
49570
41692
45689
45661
41698
49583
39343
51938
39104
51919
39109
49321
41231
49042
44913
44859
48515
40665
50591
37764
50441
37569
49861
39363
47017
38814
42813
42517
38325
45941
35523
47789
35028
47195
34533
44061
35938
43298
39082
38815
42489
34495
44125
31321
43301
30798
42749
32405
39623
31618
35310
34781
30670
37558
29774
39311
26409
38610
25890
35803
27429
35097
30607
30320
33698
25595
32959
22453
34837
21664
33967
23503
30841
22697
26397
25891
21699
29259
20871
31093
17865
30346
17326
27432
19293
26921
22686
22457
26145
17879
25599
15009
27665
14467
27132
16566
24590
16267
20374
20159
16025
23808
15785
26113
13179
25869
12929
23190
15212
23243
19319
19324
23226
15260
23317
12878
25845
12934
25897
15533
23768
15802
20163
20093
16050
24273
16570
27193
14433
27491
14713
27953
17623
25877
22183
22451
26611
18959
27186
17075
30053
17330
30385
18123
28767
21387
25625
25847
22242
30590
23036
33720
21119
34320
21920
35009
25083
33445
29775
30317
34535
26965
35271
25385
38035
26150
36447
29276
33457
33950
30314
38295
28737
41435
29518
42217
30299
40404
33462
41185
37788
38080
42274
35305
45306
33425
46167
33963
46750
36741
44829
37282
41417
41728
38014
46143
36257
49292
36734
49545
37228
47743
39823
48005
44353
44585
48614
40893
48787
38553
51661
38791
51666
41376
49541
41694
45645
45661
41645
49577
41789
52193
39327
52178
39377
49577
41707
49324
45387
45304
49380
41177
49046
38615
51120
38323
50894
40431
47993
39866
43551
43417
39327
46906
38858
48805
35945
48261
35852
45358
37263
44858
40665
40166
43809
35729
43275
32909
44871
32407
44343
33987
41251
33203
36525
35940
32173
39343
31322
40917
28185
40091
27381
36970
28991
36157
32434
31873
35578
27181
34815
24009
35961
23273
35508
22421
32401
24329
27669
27414
23238
30587
22429
32454
19278
31870
18682
31129
20602
27981
23767
23517
27175
18933
26641
16007
28485
15533
28213
14957
25319
17062
20891
20832
16595
24277
16296
26662
13410
26404
13411
26173
15492
23477
19555
19297
23259
15263
23278
12859
25606
12870
25561
12869
23243
15489
19579
19569
15505
23807
15791
26385
13701
26629
13945
26929
16822
25199
21133
21412
25718
17855
26126
15783
29026
16269
29525
16830
27407
20123
24227
24558
24850
28977
21455
32180
19842
32695
20313
33458
23523
31857
28196
28485
29007
25333
33692
23797
36447
24297
37249
25377
35844
28563
32692
33218
33433
37545
30294
40661
28723
41439
29532
42221
32685
40385
36994
37239
37737
34522
42273
32719
45359
33209
46126
33977
44369
36723
40933
41191
41471
45667
38031
48775
36181
49022
36723
49543
39633
47679
43777
44028
44283
40414
48514
38180
51169
38595
51305
38790
49336
41509
45360
45617
45617
49551
41737
52325
39353
52244
39357
52221
41719
49521
45689
45421
45376
41467
49279
38785
51406
38604
51131
38280
48277
40438
44042
43809
43537
47412
39336
49336
36479
48803
36010
48273
37830
45333
41219
40957
40642
36465
43856
33690
45581
32879
45137
32410
41983
34026
37237
37054
36493
40033
32149
41676
29006
40986
28229
40153
30064
37029
33204
32674
32437
27974
35617
24818
36763
24025
35962
23273
33142
25107
28477
28219
27663
31381
23257
33191
20097
32419
19301
31898
21173
28696
24548
24317
23773
19609
27173
16566
29297
16009
28723
15522
25885
17607
25362
21153
20902
24815
16549
26891
13677
26629
13393
26419
15813
23775
15527
19605
19576
15274
23271
12926
25614
12873
25617
12909
23253
15350
23272
19583
19586
23497
15533
26111
13401
26360
13715
26623
16297
24551
16787
20874
21173
17345
25565
15230
28465
15783
28976
16291
26905
19281
27473
23777
24307
28461
20895
31313
18927
32150
19546
32657
22723
31089
23451
27691
28251
24551
32818
22742
35689
23795
36517
24319
35030
27690
35653
32430
32705
36769
29496
37554
28025
40641
28467
41349
31900
39611
32675
36489
36975
33698
41505
34531
44610
32703
45361
33393
43498
35934
44345
40682
40871
45117
37624
45645
35659
48786
36221
49075
39071
47226
39593
43581
43845
40123
48257
40398
50851
38321
51197
38577
49061
41190
49293
45353
45401
49543
41714
49565
39342
52263
39283
52197
41598
49577
41702
45606
45629
41705
49269
41477
51719
38844
51410
38612
48849
40690
48176
44306
44025
47739
39809
47470
36984
49302
36485
49095
35938
45947
37793
41465
41203
37019
44573
36457
46470
33744
45646
32949
45166
34820
41981
37776
37283
40968
32935
40121
29769
41701
28999
41211
28187
37783
30071
33430
33162
28745
35946
27939
37527
24821
36708
24027
35941
25878
33162
29041
28481
32162
24013
31333
20887
33189
20085
32417
19323
29564
21155
24841
24523
20278
27985
19600
29754
16553
29203
16027
28753
18137
25941
21645
21398
25107
16801
24781
14225
26902
13938
26681
13425
23798
15763
19887
19529
19510
23513
15239
25811
12897
25593
12893
25622
15247
23267
19321
19246
19595
15482
23533
13153
26155
13404
26375
13724
24311
16321
20703
20852
20865
25124
17341
27973
15289
28461
15773
28849
18675
26901
23271
23491
23767
20130
28501
18103
31344
18908
32166
19598
30325
22739
26905
27445
27699
32114
24528
35297
22701
35772
23539
36462
26650
35024
31377
31869
32435
28685
36695
26915
39917
27709
40647
28455
38757
31919
35653
35937
36472
40695
33706
43881
31862
44683
32668
45351
35517
43529
39858
40129
40678
36939
45061
35249
48059
35729
48437
36197
46631
39105
43267
43537
43523
47747
40102
50625
38069
50848
38301
51097
40893
49010
45107
45341
45377
41498
49561
39351
51960
39329
52193
39381
49548
41697
45658
45673
45671
49523
41687
51911
39095
51617
38830
51365
40881
48727
44495
44636
44363
40483
47749
37205
49851
37009
49553
36445
46327
38297
42242
41757
41459
45183
36970
46964
34227
46358
33727
45616
35597
42769
34746
38049
37775
33663
40925
30562
42515
29777
41938
29007
38794
30803
37767
33987
33398
36723
28715
38614
25597
37485
24798
36725
26663
33930
25897
29287
29006
24790
32121
21646
34009
20866
33148
20093
30037
21937
29537
25069
24839
28445
20323
30331
17072
29793
16541
29287
18621
26415
18106
21918
21659
17313
25107
14418
27165
14193
26917
13932
24293
16015
23783
19836
19861
23417
15501
25914
12894
25909
12907
25581
15270
23285
15269
19329
19285
15269
23521
15497
25899
13103
26125
13407
24039
15985
24305
20352
20630
24485
16819
25080
14613
27914
15253
28494
18103
26387
18646
22970
23221
19622
27696
20098
30866
18117
31326
18942
29523
21942
30315
26601
26882
31379
23789
32154
21990
35285
22722
35785
25882
34215
26653
31057
31339
27925
35699
28718
38857
26875
37273
29993
34509
34778
35306
39065
32008
42197
30269
42998
31057
43730
34198
42008
38280
38797
39068
35847
43777
34010
46629
34813
47475
35233
45754
38088
46105
42461
42749
46972
39045
49833
37251
50053
37525
50618
40379
48501
40702
44799
44843
41149
49066
38826
51474
39057
51953
39321
49569
41655
49600
45599
45667
49503
41720
52165
39342
51922
39231
51924
41418
49299
41175
45133
44859
40866
48530
37995
50669
37736
50343
37533
47445
39327
46918
43032
42759
46348
38299
48219
35503
47761
34978
47209
36432
44062
35929
39593
39072
35280
42505
32182
44073
31346
43545
30849
40361
32401
39585
35567
35289
38629
30609
40148
27453
39365
26643
38598
28237
35817
27477
31129
30611
26405
33716
25588
35547
22455
34830
21653
31655
23509
30835
26660
26402
29794
21665
29276
18372
31077
17859
30298
19831
27430
19301
22971
22685
18407
26125
17870
28201
14983
27693
14454
24805
16558
24562
20387
20368
24007
16022
23802
13154
26135
13178
25881
15525
23242
15243
19262
19293
15229
23236
15219
25859
12868
25847
12909
23510
15505
23763
19853
20077
23985
15989
24303
13883
27145
14483
27433
17078
25362
17585
21947
22231
18125
26663
18937
29501
16827
30034
17330
30590
20665
28747
25091
25591
29794
22201
30577
20311
33723
21097
34226
21937
32708
25073
29285
29776
26141
34485
26821
37263
25331
38099
26152
38803
29229
37233
34010
34542
38259
31151
39154
29505
42281
30327
42998
31107
41215
34250
38031
38325
35297
42990
35870
46153
33961
46670
34787
47453
37207
45661
41618
42243
46174
38587
47011
36738
49801
37313
50097
37530
48035
40419
44628
44613
40963
48815
41189
51698
38798
51666
39083
52033
41730
49557
45653
45621
45649
41716
49603
39327
52196
39358
51909
39099
49333
41385
45409
45134
45169
49080
40918
51230
38118
50885
37841
50359
39863
47453
43589
43241
43009
38843
46402
35953
48232
35812
47746
35058
44879
36465
40150
39826
39586
43297
35287
44882
32189
44295
31613
43523
33226
40387
35968
35691
35558
31381
38567
28200
40137
27438
39421
26631
36231
28255
31905
31339
31078
34806
26421
35923
23254
35586
22439
34768
24305
31625
27445
26937
26656
22453
29855
19339
31641
18406
31121
17901
27979
19797
23525
23245
22986
26594
18405
28465
15511
28271
14986
27447
17085
24886
20875
20617
20364
16298
24017
13433
26413
13140
26083
13143
23494
15514
19295
19307
19297
23233
15223
25581
12887
25901
12895
25853
15511
23461
19591
19837
19799
15767
24057
13647
26633
13950
26983
14443
25033
17068
21374
21662
21907
26153
18131
28979
16331
29523
16820
30029
20033
28251
24539
24773
25087
21399
29777
19850
32877
20349
33477
21165
31842
24265
32647
29004
29239
33546
26147
36471
24569
37223
25326
38049
28463
36491
29303
33447
33985
30325
38302
28733
41411
29535
42239
30319
40439
33465
41147
37795
38095
42205
35258
45397
33451
46231
33995
46693
36739
44841
37246
41431
41742
38041
46134
36177
49352
36695
49511
37214
47755
39827
48053
44309
44602
48563
40865
51057
38583
51668
38837
51641
41407
49580
41748
45624
45633
41681
49562
39295
52230
39296
52222
39314
49553
41678
49329
45419
45367
49371
41179
48992
38625
51181
38294
50922
40426
47986
39846
43490
43529
39291
47003
38835
48786
35949
48260
35811
45417
37238
44891
40709
40122
43789
35674
43243
32969
44835
32423
44273
33968
41094
33119
36459
35937
32179
39303
31322
40881
28202
40104
27409
36961
29021
36162
32417
31887
35518
27189
34752
24016
35932
23207
35591
25023
32416
24337
27685
27451
23259
30523
22472
32431
19307
31759
18639
28745
20643
27945
23789
23487
27155
18921
26651
16041
28449
15522
28215
14978
25344
17030
20859
20857
16511
24309
16305
26637
13438
26422
13413
26175
15463
23514
19593
19289
23250
15256
23218
12865
25621
12886
25639
12857
23231
15453
19535
19582
15519
23769
15794
26383
13695
26634
13928
26874
16787
25061
21154
21417
25578
17878
26182
15762
28985
16285
29527
16812
27434
20139
24311
24598
20891
29041
21413
32161
19825
32672
20342
33421
23527
31885
28205
28430
32967
25332
33730
23775
36497
24317
37235
25327
35830
28507
32779
33177
33492
37503
30383
40664
28713
41403
29530
42199
32643
40456
36929
37295
37856
34501
42237
32650
45369
33213
46191
33949
44315
36687
40915
41130
41400
45691
38058
48809
36195
49023
36853
49631
39666
47710
43833
44029
44350
40375
48551
38277
51131
38615
51381
38819
49321
41471
45337
45669
45647
49599
41735
52171
39370
52155
39377
52105
41747
49613
45615
45405
45388
41394
49319
38775
51293
38578
51120
38335
48250
40414
44052
43806
43543
47478
39385
49419
36455
48730
35961
48206
38123
45324
41189
40881
40686
36517
43774
33677
45609
32939
45147
32423
41939
34005
37261
37016
36478
40137
32171
41713
29023
40891
28214
40150
30075
37003
33144
32685
32393
28063
35549
24815
36632
24054
35925
23273
33175
25089
28488
28227
27339
31345
23251
33163
20098
32401
19317
31886
21137
28721
24523
24265
23762
19539
27179
16513
29245
16017
28707
15514
25850
17602
21409
21261
20859
24803
16553
26899
13807
26646
13279
26429
15833
23757
15524
19608
19585
15194
23237
12874
25597
12941
25579
12863
23251
15253
23290
19540
19580
23510
15475
26114
13407
26430
13691
26667
16290
24517
16808
20889
21149
17333
25578
15236
28475
15727
29317
16250
26937
19313
27413
23753
24277
28447
20877
31346
18903
32210
19579
32689
22708
31149
23534
27679
28204
24566
32859
22749
35673
23733
36491
24283
35042
27709
35827
32405
32668
39025
26929
39661
27681
40677
30834
38783
35575
35637
35937
32891
40651
31159
43845
31863
44601
32688
42777
35506
39599
39869
40139
44331
37003
47445
35317
47969
35667
48511
38590
46703
42875
43289
43575
39397
47707
37513
50629
38065
50823
38309
48799
40854
45045
45106
45353
49245
41458
51962
39290
51931
39295
52203
41677
49496
45581
45558
45641
41725
49555
39062
51933
39100
51630
38769
48957
40909
44877
44563
44599
48225
40170
50433
37218
49805
36977
49550
38795
46413
42469
42223
41685
37451
45085
35099
46977
34286
46389
33713
43309
35556
38811
38342
38059
41703
33757
43280
30594
42439
30085
41931
31573
38811
30829
34550
33975
29759
36653
26405
38559
25557
37794
24793
35010
26605
33987
29761
29252
32885
24803
34746
21678
33971
20830
33188
22745
30047
21903
25566
25077
20863
28424
17890
30271
17035
29811
16759
26911
18633
26417
22217
21901
25555
17338
27655
14430
27173
14197
26905
16281
24303
15741
20073
19823
15754
23477
13154
25824
12897
25820
12895
23211
15429
23228
19297
19313
23229
15229
25887
12899
25856
13153
26125
15787
24050
16022
20304
20359
16564
24543
16783
27435
14701
27955
15246
25872
18107
26413
22680
23009
27157
19577
27753
17563
30824
18097
31363
21401
29543
21947
26373
26637
22973
31369
23745
34533
21917
35002
22736
33476
25867
34267
30639
31106
35301
27934
35683
26160
39101
26876
39581
30040
38062
30850
35303
35527
32175
39897
32910
43011
31115
43769
31869
41967
35017
42813
39091
39631
43796
36226
44390
34783
47509
35281
48009
38038
46140
38576
42760
43003
39097
47143
39614
50059
37516
50669
38019
50872
40715
48707
45061
45093
49004
41394
49325
39089
51954
39294
51879
39448
49541
41731
45691
45610
41741
49552
41716
51905
39109
51965
39102
51645
41249
48996
44879
44838
48560
40621
48268
37753
50404
37524
49869
36983
46933
38854
42735
42498
38349
45867
37542
47761
35034
47197
34495
46383
35987
43315
39108
38866
42495
34494
41706
31358
43231
30825
42749
30091
39573
31603
35278
34779
30639
37489
29781
39343
26386
38561
25904
37793
27415
35005
30595
30297
29792
25607
32930
22454
34762
21640
33975
20857
30822
22686
26391
25879
25659
29170
20897
31092
17956
30334
17373
29765
19347
26902
22733
22455
22217
17861
25618
14947
27690
14459
27145
14175
24512
16265
20333
20098
20117
23762
15797
26156
13153
25857
12878
25866
15269
23263
19284
19325
19325
15241
23246
12883
25875
12877
25925
13167
23747
15792
20113
20125
20315
24295
16565
27151
14471
27473
14698
27995
17634
25879
22213
22419
22715
18907
27157
16853
30059
17607
30584
18091
28744
21426
25602
26005
26491
30573
22979
33690
21162
34513
21947
34986
25042
33457
29790
30297
30617
26887
35305
25321
38057
26115
38805
26915
37249
30061
34513
34751
35281
39077
32173
42211
30319
43022
31171
43792
34269
41937
38283
38827
39090
35811
43777
33964
46679
34854
47461
35313
45621
38061
42231
42489
42748
46999
39086
49839
37247
50118
37484
50551
40362
48539
44665
44893
44873
41184
49073
38822
51728
39100
51941
39325
49661
41713
49523
45613
45594
49611
41702
52189
39310
51921
39061
51855
41383
49342
41244
45071
44875
40933
48553
38085
50596
37711
50397
37503
47513
39326
46915
42981
42738
46405
38341
48265
35601
47685
35033
47265
36450
44042
35925
39692
39143
35255
42567
32108
44095
31335
43543
30829
40371
32434
39631
35501
35262
38541
30591
40119
27462
39315
26639
38591
28203
35842
27394
31038
30587
26294
33811
23253
35572
22431
34797
21697
31611
23494
30797
26685
26426
29853
21683
29213
18410
31074
17886
30349
19793
27423
19353
22949
22683
18370
26119
17902
28151
14982
27681
14433
24808
16523
24557
20310
20353
24043
16017
23811
13125
26143
13121
25904
15512
23255
15057
19283
19319
15241
23206
15245
25901
12915
25891
12895
23510
15505
23782
19817
20115
24047
16010
24305
13921
27171
14423
27439
17043
25350
17612
21931
22173
18145
26615
18893
29515
16822
30033
17324
28218
20629
28741
25118
25583
29780
22202
30611
20363
33696
21155
34249
21891
32685
25049
29301
29801
26131
34537
26907
37259
25341
37989
26109
38861
29247
37190
34043
34573
38341
31139
39141
29522
42241
30291
43037
31106
41185
34226
38022
38308
35309
43008
35834
46133
33984
46751
34762
47430
37263
45603
41753
42250
46165
38591
46974
36691
49817
37280
50141
37537
48026
40394
44613
44597
40893
48769
41165
51683
39011
51706
39096
51908
41749
49613
45541
45706
49569
41717
49558
39375
52223
39335
51989
39157
49304
41374
45483
45162
41144
49059
40943
51185
38141
50929
37819
50417
39874
47528
43513
43337
43042
38798
46424
35964
48226
35838
47795
35020
44870
36537
40144
39871
39599
43306
35298
44874
32161
44335
31647
43540
33193
40417
35987
35685
35579
31354
38593
28203
40137
27514
39332
26664
36203
28221
31867
31376
31127
34779
26405
35959
23243
35569
22433
34785
24299
31626
27437
26900
26639
22485
29810
19295
31513
18635
31107
17857
28321
19822
23549
23221
23010
26683
18352
28521
15521
28214
14977
27694
17063
24825
20861
20616
20325
16299
24058
13415
26370
13122
26133
13151
23479
15533
19325
19305
19290
23265
15297
25589
12901
25890
12859
25901
15489
23501
19579
19834
19837
15809
24043
13682
26641
13901
26903
14463
25109
17091
21396
21695
21934
26145
18091
28939
16297
29555
16813
30029
20083
28199
24547
24827
25136
21443
29813
19834
32910
20335
33455
21154
31839
24305
28513
29049
29255
33703
26117
36509
24519
37268
25349
38054
28507
32657
36843
29550
37507
27988
40717
28489
41468
29540
39629
32677
36421
36978
37230
41451
34531
44576
32661
45401
33193
46187
35925
44273
40682
40887
41258
37528
45642
35689
48745
36241
49054
36689
47181
39629
43594
43829
43998
48234
40391
50929
38343
51127
38570
51445
41197
49235
45367
45405
45698
41702
49618
39345
52271
39301
52244
39315
49473
41683
45625
45656
45422
49307
41436
51605
38793
51290
38599
51169
40655
48269
44361
44045
43801
39924
47503
36969
49338
36471
49068
35928
45861
37801
41429
41159
40940
44541
36441
46446
33741
45646
32914
45087
34767
41980
37787
37193
37001
32956
40100
29831
41733
29057
41169
28247
37802
30082
33449
33185
32702
35956
27930
37485
24795
36694
24011
35891
25882
33211
28977
28503
28214
24022
31346
20869
33178
20110
32409
19303
29542
21127
24827
24513
24327
27974
19596
29799
16423
29237
16029
28710
18119
25884
21678
21387
21113
16838
24632
14174
26919
13687
26667
13399
23689
15764
19886
19591
19572
23563
15249
25886
12857
25543
12905
25607
15302
23266
15242
19301
19597
15493
23515
13158
26145
13412
26422
13687
24296
16283
24603
20871
20907
25063
17368
28018
15230
28473
15775
29027
18671
26898
19302
23494
23790
20110
28491
18134
31405
18905
32123
19569
30289
22717
31154
27397
27675
32150
24504
35287
22702
35698
23513
36491
26640
35042
27701
31909
32373
28677
36713
26878
39881
27957
40678
28487
38803
31885
39645
35965
36483
40679
33750
43842
31870
44605
32670
45417
35562
43521
35989
40141
40661
37021
45115
37493
48053
35676
48507
36251
46726
39107
47218
43574
43565
47681
40153
48333
38039
50921
38341
51165
40906
49062
41173
45407
45367
41441
49570
41737
51928
39329
52326
39347
49559
41675
49569
45667
45641
49577
41706
49270
39051
51703
38849
51401
40875
48781
40657
44537
44343
40119
47755
39892
49854
37073
49566
36437
46381
38350
45966
41722
41421
45117
37025
44593
34249
46385
33665
45661
35551
42801
34798
38049
37814
33724
40909
32928
42537
29775
42044
29021
41205
30841
37810
34031
33417
36729
28725
36003
25625
37555
24792
36717
24073
33949
25914
29301
28994
24792
32175
24085
33995
20901
33226
20150
32448
21967
29523
25085
24789
28487
20349
27993
17087
29817
16509
29210
16047
26409
18141
21937
21693
17374
25065
16838
27155
14172
26939
13910
26625
16006
23757
19825
19865
23487
15511
23509
12883
25877
12916
25621
12887
23255
15258
19270
19265
15240
23506
15531
25853
13137
26103
13428
26411
16027
24286
20405
20571
20858
16813
25093
14726
27951
15261
28477
15778
26418
18642
22969
23123
23521
27729
20114
30827
18138
31373
18913
32103
21963
30312
26681
26910
27465
23785
32170
21930
35263
22731
35837
23517
34257
26592
31109
31365
31862
35685
28735
39101
26893
39602
27647
40672
30797
38845
35545
35629
35906
32926
40681
31105
43786
31829
44626
32713
42707
35537
39765
39857
40166
44346
36959
47401
35325
48034
35636
48479
38620
46677
42995
43197
43543
39639
47771
37549
50685
38039
50847
38303
48783
40771
45063
45090
45363
49301
41430
51883
39329
51963
39383
52183
41762
49608
45633
45637
45627
41657
49546
39102
51900
39108
51621
38834
49056
40917
44865
44663
44598
48315
40183
50325
37223
49794
37009
49591
38801
46391
42509
42289
41656
37525
45014
35016
46993
34245
46405
33719
43324
35551
38813
38313
38119
41711
33757
43251
30655
42495
30031
42003
31578
38799
34774
34494
33957
29790
36711
26469
38587
25597
37772
24807
35131
26615
30271
29767
29294
32923
24869
34779
21687
33985
20897
33209
22717
30054
21961
25609
25093
20866
28473
17851
30337
17073
29741
16534
26893
18643
26431
22228
21942
25529
17347
27609
14473
27205
14173
26899
16267
24289
16014
20103
19797
15803
23508
13139
25894
12905
25901
12862
23261
15245
23258
19310
19325
23230
15283
25893
12885
25839
13205
26117
15810
24030
16006
20353
20353
16528
24545
14462
27413
14725
28021
15253
25893
18105
26427
22761
22966
27215
19543
30057
17623
30865
18103
31389
21389
29487
21919
26407
26657
22957
31369
23749
34531
21913
35058
22717
33443
25898
34322
30573
31076
35270
27963
35675
26141
39065
26913
39585
30023
38021
30804
35309
35577
32186
39849
32898
43014
31095
43792
31902
41933
35037
42803
39047
39561
43798
36204
44334
34791
47473
35278
47988
38059
46155
38555
42791
42989
39114
47214
39599
50047
37515
50645
37978
48517
40710
48770
44862
45090
49037
41405
49352
39114
51935
39351
51957
41727
49574
41693
45605
45598
41671
49585
41697
51969
39073
51917
39105
51665
41200
48984
44830
44860
48555
40619
48243
37793
50358
37497
49901
37030
47007
38866
42787
42451
38275
45853
37503
47655
35032
47251
34538
46427
35923
43248
39087
38798
42487
34498
41701
31349
43304
30793
42757
30047
39661
31626
35272
34791
30577
37508
29789
39333
26393
38573
25903
37743
27435
35062
30542
30337
33704
25603
32924
22471
34789
21653
33976
20893
30865
22661
26418
25866
21641
29251
20867
31121
17911
30332
17326
29831
19352
26897
22723
22492
22173
17886
25614
14970
27715
14447
27151
14199
24545
16279
20310
20075
20127
23767
15779
26165
13155
25801
12889
25887
15233
23233
19316
19313
19330
15252
23278
12900
25907
12914
25873
13165
23761
15785
20105
20114
20389
24299
16550
27166
14459
27430
14736
27951
17614
25823
22190
22430
22721
18909
27192
16807
30040
17349
30550
18106
28741
21443
25607
25879
26446
30589
22978
33717
21152
34245
21951
35019
25085
33459
29785
30303
30585
26905
35304
25353
38010
26043
36465
29239
33475
34045
30355
38346
31089
41417
29509
42240
30327
43059
33501
41199
37777
38096
42221
35270
43001
33477
46119
33973
46735
34751
44874
37251
41422
41729
38033
46190
38577
49249
36742
49615
37244
50103
39878
48010
44293
44577
48537
40901
48759
38562
51644
38835
51704
39082
49585
41659
45651
45615
41617
49585
41738
52211
39374
52185
39339
51937
41709
49243
45341
45336
49355
41181
49088
38587
51185
38353
50857
37811
47959
39885
43629
43534
43205
46947
38804
48867
35961
48307
35785
47735
37278
45150
40622
40150
39896
35647
43292
32899
44829
32400
44327
31596
41113
33203
36509
35937
35657
39358
31375
40865
28239
40157
27427
39346
28999
36189
32435
31890
31339
27201
34787
24019
35930
23247
35561
22468
32409
24282
27705
27439
26943
30580
22415
32403
19301
31809
18623
31085
20607
27987
23723
23515
23249
18945
26607
16019
28467
15511
28208
14988
25337
17070
20899
20885
20597
24310
16305
26669
13427
26382
13391
26182
15509
23505
19567
19302
19309
15254
23261
12845
25601
12929
25590
12910
23255
15521
19544
19593
19801
23806
15810
26438
13675
26669
13928
26949
16801
25091
21110
21423
21658
17854
26152
15766
28999
16289
29500
16789
27425
20101
24290
24538
24813
29009
21381
32177
19862
32895
20353
33446
23495
31841
28182
28506
29015
25337
33689
23750
36505
24523
37255
25354
35802
28465
32727
33167
33459
37535
30327
40662
28722
41432
29553
42275
32802
40397
33456
37269
37794
34521
42234
32639
45381
33473
46181
33978
44281
36731
44895
41182
41457
45685
38031
48737
36229
49319
36707
49585
39654
47769
39831
44070
44338
40413
48542
38325
51193
38593
51414
38835
49341
41410
49623
45639
45681
49604
41701
52159
39375
52197
39349
52207
41632
49617
41747
45350
45343
41508
49348
38792
51444
38602
51183
38307
48313
40363
47989
43847
43548
47479
39337
49322
36471
48797
35961
48226
37766
45409
37299
40921
40715
36527
43789
35690
45611
32906
45105
32440
42017
33973
41147
36951
36477
40119
32177
39403
28996
40904
28249
40133
30083
36942
29017
32657
32420
28011
35509
27231
36713
24027
35941
23277
33237
25077
32414
28181
27689
31389
23257
30611
20111
32433
19299
31841
21171
28678
20625
24341
23770
19571
27180
18918
29199
16040
28733
15561
25888
17607
25333
21149
20932
24809
16565
24293
13723
26653
13365
26433
15783
23773
15501
19593
19571
15273
23251
15245
25604
12897
25661
12881
25555
15244
23271
19603
19612
23535
15527
23725
13411
26405
13679
26659
13927
24555
16787
20893
21165
17370
25654
17885
28486
15803
29009
16270
29559
19376
27458
23793
24301
28477
20917
29016
18907
32149
19589
32757
20291
31053
23560
27699
28249
24497
32971
25360
35687
23756
36527
24302
37273
27679
35802
32415
32677
36711
29555
37569
27965
40685
28441
41462
29523
39589
32681
36415
37007
33767
41466
34528
44586
32689
45347
33215
46204
35929
44347
40771
40881
45101
37478
45693
35689
48779
36241
49054
36696
47231
39607
43529
43846
44066
48267
40379
50935
38345
51185
38568
51496
41139
49343
45371
45357
45669
41696
49579
39353
52183
39329
52212
39328
49585
41734
45666
45588
45357
49347
41499
51701
38879
51482
38606
51229
40775
48273
44369
44075
43803
39873
47499
37029
49298
36515
49061
35954
45925
37829
41501
41181
40885
44635
36433
46388
33721
45614
32926
45109
34775
42009
37787
37250
37001
32919
40126
29787
41683
29035
41171
28181
37763
30036
33442
33181
32671
35971
27939
37509
24825
36703
24069
35929
25886
33221
28953
28474
28254
24034
31377
20874
33234
20119
32439
19310
29545
21135
24831
24519
24321
27953
19598
29803
16565
29211
16029
28748
18108
25849
21674
21413
21149
16841
24817
14175
26933
13674
26630
13423
23797
15774
19872
19616
19537
23557
15222
25883
12889
25593
12895
25629
15253
23229
19289
19323
19545
15463
23562
13199
26179
13425
26426
13667
24321
16325
20611
20893
20871
25103
17331
27990
15235
28516
15776
29021
18641
26906
19265
23525
23769
20118
28476
18109
31385
18913
32125
19610
30311
22719
31141
27421
27709
32159
24574
35323
22755
35701
23528
36456
26683
35010
27707
31889
32421
28767
36733
26928
39901
27941
40623
28502
38818
31882
39639
35957
36489
40697
33749
43787
32031
44623
32687
45397
35583
43650
35897
40150
40629
36985
45065
35259
48015
35631
48494
36199
46691
39115
47219
43561
43549
47729
40111
50639
38022
50861
38343
51158
40958
49047
41129
45385
45353
41434
49556
41627
51952
39311
52254
39372
49525
41742
49587
45625
45673
49565
41749
49377
39133
51672
38835
51417
40875
48826
40697
44629
44308
40153
47725
39824
49830
37007
49538
36483
46454
38348
45925
41675
41422
45090
37011
44497
34257
46446
33777
45625
35505
42729
34801
38007
37749
33718
40923
32926
42533
29802
41935
29143
38693
30839
37777
33969
33469
36755
28761
35912
25593
37491
24811
36707
26673
33983
25887
29213
29007
24851
32128
24034
33989
20874
33209
20095
32383
21945
29494
25083
24787
28487
20370
27917
17075
29754
16512
29225
16065
26393
18109
21983
21703
17353
25105
16791
27107
14179
26963
13888
26617
16010
23779
19825
19853
23474
15521
23506
12894
25845
12880
25593
12858
23221
15254
19319
19307
15241
23529
15528
25870
13158
26173
13393
26399
15994
24297
20384
20575
24457
16843
25065
14685
27981
15234
28461
15754
26401
18644
22935
23271
19581
27677
20083
30828
18114
31365
18893
32151
21930
30314
26681
26926
27397
23739
32127
21970
35254
22711
35808
23565
34260
26612
31046
31337
31943
35529
28771
38790
26907
37225
30048
38019
34761
35239
39101
32146
39818
30311
42971
31073
43831
34249
41981
35001
38819
39091
35806
43815
36224
46716
34790
47443
35247
45603
38064
46139
42477
42760
46978
39102
47197
37211
50065
37537
50615
40339
48523
40637
44857
44838
41189
49073
41427
51630
38913
51826
39277
49570
41731
49559
45662
45666
49594
41717
49567
39373
51935
39180
51981
39070
49255
41145
45141
44911
40894
48530
40661
50617
37783
50278
37492
49865
39329
46947
43020
42785
46459
38301
45887
35583
47730
35060
47251
34472
44087
35973
39613
39117
35285
42451
34491
44059
31378
43499
30801
42731
32423
39594
35534
35282
38566
30629
37477
27425
39366
26611
38578
25894
35839
27453
31091
30569
26366
33729
25618
35549
22474
34781
21673
33995
23451
30799
26629
26377
29708
21683
29253
18372
31090
17879
30333
17341
27425
19298
23032
22710
22398
26166
17857
28238
14949
27673
14445
27153
16526
24519
20306
20313
20096
15999
23743
13157
26131
13144
25862
12887
23206
15220
19277
19299
19267
23274
15235
25857
12889
25874
12881
25888
15488
23765
19836
20125
20093
15987
24321
13916
27164
14465
27431
14722
25368
17589
21934
22191
22421
26644
18905
29566
16813
30009
17303
30578
20625
28739
25087
25607
25886
22178
30595
20316
33653
21146
34247
21957
32672
25044
29259
29805
30333
34562
26882
37357
25351
38035
26139
38878
29261
37274
33986
34501
34785
31079
39108
29494
42206
30381
43039
31130
41167
34211
38054
38266
38775
43001
35842
46140
33972
46730
34763
47453
37231
45649
41693
42302
42561
38583
46978
36698
49805
37229
50145
37469
47990
40403
44597
44543
44896
48731
41177
51659
38836
51642
39111
51966
41686
49386
45595
45661
45661
41661
49527
39333
52193
39335
51989
39077
49233
41419
45362
45115
45112
49051
40907
51209
38081
50663
37829
50399
39902
47415
43533
43265
43009
38839
46465
35931
48287
35530
47775
35034
44871
36495
44039
39817
39600
43260
35271
44833
32115
44083
31599
43573
33221
40445
32447
35687
35605
31367
38573
28235
40106
27465
39325
26629
36171
28201
35804
31369
31123
34797
26402
35957
23265
35567
22446
34782
24309
31625
23488
26928
26659
22447
29758
19321
31657
18382
31111
17862
27964
19816
27471
23244
22976
26593
18405
28496
15509
28263
14963
27669
17105
24814
16531
20602
20313
16327
24029
13399
26393
13149
26169
13144
23517
15491
23293
19309
19283
23257
15271
23221
12833
25879
12889
25901
15523
23506
15517
19797
19839
15779
24015
16064
26653
13886
26933
14457
25089
17081
25307
21680
21868
26187
18135
26625
16301
29548
16811
30063
20067
28222
20650
24799
25079
21399
29825
22217
32963
20382
33439
21117
31853
24289
32681
29011
29243
33711
26177
34465
24526
37217
25333
38097
28463
36489
29252
33431
34017
30279
38245
31085
41427
29528
42238
30317
40423
33432
41171
37769
38051
42253
35325
43029
33463
46201
33993
46699
34748
44814
37241
41411
41695
38031
46166
38610
49302
36702
49549
37202
50163
39893
47990
44318
44575
48561
40924
48772
38600
51633
38825
51698
39046
49530
41674
45682
45593
41718
49579
41712
52105
39307
52223
39319
52019
41704
49345
45404
45317
49290
41156
49005
38538
51141
38334
50895
37769
47965
39837
43541
43565
39289
46921
38812
48785
35948
48251
35847
47776
37217
44786
40613
40119
43854
35670
43287
32916
44858
32415
44306
31615
41169
33260
36468
35963
35655
39315
31362
40935
28231
40161
27450
39327
28995
36205
32414
32037
31395
27163
34807
24038
35937
23205
35526
22425
32414
24277
27699
27393
26897
30593
22434
32413
19301
31939
18613
31099
20603
27948
23735
23458
23258
18915
26649
16011
28489
15511
28223
14937
25339
17046
20874
20866
20627
24310
16283
26595
13383
26358
13417
26097
15479
23474
19582
19315
19281
15251
23213
12857
25596
12869
25641
12877
23222
15493
19579
19519
19847
23774
15802
26448
13689
26643
13938
26889
16809
25069
21146
21385
21642
17848
26145
15787
28991
16299
29543
16829
27457
20097
24303
24529
24840
28944
21401
32143
19797
32907
20347
33418
23492
31879
28210
28493
29065
25311
33725
23851
36493
24557
37217
25411
35819
28505
32696
33188
33410
37551
30317
40671
28709
41433
29501
42229
32646
40406
36975
37225
37801
34490
42191
32677
45352
33441
46151
33975
44322
36681
40978
41203
41406
45609
38013
48769
36194
49307
36679
49589
39663
47766
39830
44065
44337
40414
48545
38296
51137
38551
51413
38839
49193
41375
49647
45610
45637
49557
41689
52279
39391
52237
39343
52178
41702
49568
41678
45380
45363
41437
49269
38837
51413
38587
51199
38350
48281
40419
47991
43823
43507
47459
39341
49286
36474
48817
35937
48272
37781
45339
37261
40834
40628
36451
43833
33673
45605
32913
45117
32413
41964
33998
41179
36974
36501
40142
32218
41742
28993
40934
28227
40081
30069
36926
29043
32673
32397
28019
35550
27174
36735
24013
35949
23239
33138
25096
32423
28237
27729
31270
23269
30586
20107
32350
19329
31865
21111
28715
20614
24258
23775
19563
27175
18899
29298
16047
28727
15533
25865
17550
25328
21135
20856
24813
16511
24312
13683
26633
13406
26418
15750
23775
15530
19450
19577
15241
23223
15221
25635
12873
25585
12889
23221
15237
23241
19625
19554
23483
15519
23744
13427
26389
13647
26649
16278
24581
16821
20875
21117
17343
25613
17873
28435
15789
29043
16278
29511
19338
27414
23771
24271
28517
20874
29024
18910
32157
19573
32709
20367
31078
23465
27685
28247
24495
32928
25345
35650
23779
36511
24315
37256
27683
35829
32399
32741
39045
26887
39871
27690
40670
30823
38854
31873
35645
35945
32953
40671
31109
43849
31817
44571
32689
42785
35558
43592
39856
40109
44309
37027
47377
35300
48003
35634
48530
38557
46725
39113
43281
43535
39583
47768
37533
50610
38081
50873
38315
48790
40887
49034
45065
45354
49383
41437
49531
39296
51919
39311
52156
41747
49542
41698
