62036
62339
62688
62980
63332
63558
63954
64230
64461
64705
65161
50
416
684
948
1312
1563
1930
2151
2495
2778
3061
3384
3676
3959
4250
4602
4874
5149
5490
5768
6062
6335
6679
7020
7227
7540
7832
8144
8448
8760
9063
9362
9650
9940
10303
10539
10862
11140
11437
11762
12058
12344
12695
12943
13258
13550
13890
14163
14432
14734
15042
15355
15686
15970
16256
16548
16894
17179
17462
17776
18062
18349
18658
18895
19238
19447
19806
20159
20396
20732
21046
21319
21634
21953
22188
22503
22843
23159
23431
23762
24016
24388
24643
24926
25194
25495
25730
26098
26411
26751
