30523
29707
28901
28096
27302
26516
25741
24970
24215
23470
22726
21991
21277
20572
19886
19215
18562
17929
17307
16712
16139
15579
15048
14535
14053
13586
13143
12722
12320
11943
11592
11269
10961
10678
10421
10197
10001
9829
9682
9565
9466
9391
9347
9324
9332
9363
9418
9500
9605
9735
9889
10070
10276
10513
10787
11072
11388
11722
12081
12466
12878
13307
13763
14238
14731
15252
15796
16362
16941
17549
18175
18820
19478
20153
20848
21558
22283
23017
23765
24513
25276
26052
26825
27622
28417
29224
30036
30843
31615
32397
33182
33973
34762
35558
36347
37139
37926
38719
39501
40281
41073
41887
42693
43492
44288
45078
45855
46633
47392
48142
48892
49632
50353
51069
51772
52461
53130
53784
54419
55026
55615
56184
56724
57241
57730
58203
58648
59072
59477
59851
60196
60515
60822
61102
61357
61585
61781
61952
62099
62214
62312
62386
62432
62457
62449
62416
62358
62274
62172
62042
61886
61709
61502
61268
60993
60707
60391
60052
59692
59307
58897
58465
58010
57533
57040
56518
55976
55410
54826
54217
53591
52945
52287
51613
50917
50212
49490
48753
48003
47245
46483
45708
44937
44145
43348
42541
41727
40914
40121
39327
38525
37722
36925
36114
35310
34505
33701
32894
32096
31301
30506
29691
28884
28084
27287
26504
25732
24961
24205
23461
22721
21992
21274
20570
19883
19210
18557
17924
17302
16705
16132
15571
15038
14526
14043
13582
13140
12721
12315
11940
11588
11265
10956
10674
10418
10193
9997
9825
9679
9561
9462
9386
9341
9317
9325
9359
9416
9504
9610
9740
9894
10072
10278
10517
10790
11076
11393
11728
12088
12472
12881
13310
13764
14240
14734
15257
15802
16370
16950
17561
18187
18832
19491
20163
20859
21565
22286
23184
24077
24828
25677
26635
27408
28204
28998
29805
30616
31424
32216
33012
33503
34171
35185
35625
36436
37238
38037
38840
39636
40432
41230
42048
42853
43659
44450
45237
46011
46784
47540
48294
49039
49771
50489
51192
51878
52548
53203
53835
54456
55053
55627
56192
56719
57231
57713
58176
58616
59039
59440
59818
60171
60495
60806
61086
61342
61566
61761
61934
62082
62202
62299
62375
62420
62446
62439
62400
62346
62264
62160
62029
61872
61693
61486
61249
60978
60689
60374
60039
59683
59298
58887
58456
58003
57529
57037
56517
55976
55407
54829
54218
53592
52946
52285
51610
50913
50206
49481
48745
47997
47242
46483
45707
44933
44139
43345
42539
41731
40916
40125
39332
38532
37728
36929
36121
35319
34516
33709
32904
32107
31312
30518
29701
28896
28095
27300
26521
25746
24974
24216
23471
22727
21995
21281
20578
19893
19221
18566
17932
17306
16712
16138
15579
15047
14534
14046
13580
13136
12714
12310
11934
11582
11257
10952
10671
10413
10189
9994
9826
9678
9561
9460
9385
9341
9320
9326
9356
9414
9500
9609
9739
9895
10076
10283
10522
10797
11083
11398
11734
12094
12475
12883
13308
13763
14238
14727
15248
15793
16360
16937
17544
18168
18811
19469
20144
20843
21548
22272
23009
23757
24506
25268
26044
26818
27614
28408
29216
30029
30836
31634
32430
33232
34035
34833
35643
36446
37252
38059
38866
39661
40456
41255
42065
42869
43666
44456
45237
46007
46779
47538
48288
49032
49762
50475
51172
51864
52543
53207
53856
54494
55106
55690
56262
56800
57312
57798
58269
58719
59138
59534
59907
60252
60573
60865
61138
61387
61601
61794
61963
62100
62215
62306
62381
62418
62434
62417
62382
62314
62221
62111
61984
61830
61643
61433
61191
60921
60625
60304
59965
59602
59210
58799
58365
57902
57425
56925
56398
55847
55279
54695
54086
53460
52812
52147
51466
50769
50063
49336
48595
47849
47093
46330
45555
44772
43976
43179
42374
41563
40750
39956
39164
38363
37562
36758
35949
35145
34340
33537
32738
31943
31145
30346
29536
28729
27928
27131
26351
25577
24809
24058
23311
22573
21842
21132
20431
19745
19080
18424
17796
17177
16586
16018
15463
14930
14426
13948
13487
13051
12637
12240
11874
11526
11202
10902
10624
10370
10156
9962
9794
9653
9540
9444
9373
9331
9316
9327
9364
9428
9517
9629
9764
9923
10113
10326
10571
10843
11136
11456
11800
12158
12553
12967
13399
13858
14334
14833
15357
15906
16475
17063
17676
18302
18952
19612
20291
20989
21697
22421
23466
24348
24886
26017
26783
27565
28358
29152
29958
30770
31577
32367
33164
33543
34457
35192
35908
36600
37403
38209
39010
39806
40599
41408
42222
43031
43834
44628
45410
46186
46951
47703
48452
49191
49923
50632
51333
52014
52679
53331
53965
54578
55167
55739
56291
56822
57329
57812
58275
58713
59130
59525
59891
60239
60564
60867
61144
61402
61622
61808
61973
62114
62228
62322
62396
62436
62456
62441
62401
62338
62249
62137
62009
61844
61656
61443
61200
60927
60630
60308
59969
59608
59216
58797
58362
57902
57427
56927
56401
55851
55286
54698
54087
53463
52811
52149
51472
50772
50067
49339
48601
47852
47094
46329
45553
44769
43973
43177
42371
41559
40746
39954
39159
38360
37556
36752
35943
35140
34335
33531
32731
31936
31141
30343
29528
28719
27915
27123
26342
25571
24806
24052
23307
22568
21836
21121
20425
19747
19082
18428
17800
17184
16591
16022
15469
14936
14433
13956
13495
13055
12637
12240
11872
11524
11199
10902
10626
10373
10154
9963
9796
9658
9545
9451
9380
9341
9324
9335
9373
9439
9531
9646
9780
9938
10125
10336
10582
10852
11147
11467
11809
12167
12560
12972
13405
13863
14339
14839
15364
15917
16487
17074
17688
18317
18966
19624
20302
20997
21704
22428
23168
23915
24667
25427
26199
26980
27771
28564
29371
30184
30988
31770
32554
33338
34130
34918
35715
36506
37298
38089
38877
39661
40443
41238
42056
42862
43666
44457
45240
46010
46773
47527
48277
49020
49751
50471
51176
51864
52543
53201
53844
54471
55080
55670
56250
56796
57316
57809
58275
58724
59140
59535
59905
60252
60578
60880
61153
61400
61610
61800
61962
62103
62214
62310
62385
62427
62449
62439
62402
62338
62244
62132
61995
61835
61652
61442
61199
60926
60632
60312
59970
59609
59216
58805
58376
57916
57443
56941
56417
55868
55300
54711
54098
53471
52822
52162
51483
50780
50074
49346
48606
47861
47104
46341
45566
44785
43989
43194
42385
41575
40761
39969
39174
38371
37566
36762
35952
35150
34346
33540
32740
31943
31149
30351
29538
28731
27931
27139
26354
25581
24812
24057
23312
22571
21841
21127
20428
19746
19082
18427
17801
17185
16595
16026
15470
14940
14436
13958
13495
13058
12644
12244
11877
11523
11200
10904
10626
10372
10155
9962
9794
9655
9543
9446
9371
9330
9314
9324
9359
9424
9514
9625
9758
9917
10105
10315
10561
10836
11132
11451
11794
12154
12549
12961
13391
13852
14329
14829
15353
15902
16464
17050
17661
18287
18938
19599
20278
20980
21689
22415
23461
24345
24884
26022
26788
27572
28366
29161
29967
30782
31588
32380
33178
33557
34471
35208
35922
36613
37419
38224
39024
39818
40612
41414
42223
43030
43832
44625
45408
46184
46951
47706
48457
49197
49930
50640
51343
52028
52693
53348
53981
54596
55185
55754
56307
56837
57341
57820
58284
58724
59143
59539
59907
60250
60574
60875
61153
61402
61617
61808
61975
62112
62224
62317
62390
62428
62451
62440
62401
62337
62246
62137
62005
61846
61661
61449
61205
60930
60635
60313
59971
59611
59220
58805
58369
57908
57432
56930
56407
55858
55299
54709
54095
53470
52821
52162
51488
50788
50082
49357
48617
47867
47111
46342
45568
44785
43988
43193
42385
41574
40761
39970
39173
38372
37570
36768
35962
35159
34355
33551
32750
31951
31156
30355
29546
28739
27937
27141
26356
25582
24816
24063
23316
22577
21851
21138
20440
19757
19092
18440
17812
17197
16605
16033
15478
14946
14443
13962
13500
13063
12646
12249
11880
11531
11207
10914
10636
10383
10168
9976
9809
9671
9557
9461
9389
9350
9333
9344
9376
9441
9528
9637
9773
9935
10123
10336
10581
10853
11147
11467
11810
12170
12564
12977
13410
13864
14336
14835
15361
15912
16480
17067
17682
18308
18956
19621
20298
21000
21706
22433
23171
23915
24669
25431
26203
26984
27777
28573
29380
30192
31000
31791
32589
33390
34193
34998
35806
36615
37418
38225
39024
39818
40612
41420
42231
43039
43842
44636
45417
46190
46953
47702
48448
49185
49917
50631
51330
52014
52679
53333
53967
54586
55184
55764
56328
56871
57385
57874
58352
58800
59223
59625
59992
60338
60654
60952
61226
61476
61688
61874
62026
62154
62257
62346
62411
62451
62468
62453
62415
62343
62244
62128
61990
61823
61628
61412
61162
60886
60586
60260
59911
59540
59142
58724
58284
57821
57342
56839
56310
55751
55178
54586
53973
53346
52692
52027
51345
50645
49934
49202
48461
47707
46955
46186
45412
44630
43834
43031
42220
41407
40599
39801
39006
38210
37406
36601
35797
34989
34183
33380
32580
31786
30997
30194
29383
28577
27782
26986
26205
25430
24669
23917
23172
22431
21705
20998
20297
19620
18958
18307
17681
17066
16480
15913
15362
14839
14341
13864
13406
12973
12559
12166
11807
11466
11146
10854
10579
10332
10118
9931
9769
9633
9525
9433
9369
9332
9322
9338
9377
9449
9544
9657
9799
9969
10161
10378
10631
10909
11208
11531
11879
12246
12642
13059
13498
13958
14437
14940
15470
16025
16596
17188
17804
18435
19091
19756
20438
21136
21848
22578
23743
24383
25204
26063
26949
27729
28522
29325
30132
30944
31744
32540
33334
33772
34516
35334
35890
36760
37566
38369
39168
39964
40754
41568
42378
43188
43981
44777
45561
46337
47099
47855
48605
49343
50073
50782
51479
52160
52819
53470
54094
54705
55292
55858
56405
56930
57430
57903
58362
58798
59212
59606
59964
60309
60632
60922
61200
61444
61655
61846
62002
62138
62247
62334
62399
62435
62447
62432
62395
62320
62227
62113
61972
61806
61611
61396
61143
60862
60566
60240
59892
59523
59126
58707
58266
57805
57328
56827
56299
55745
55174
54582
53967
53335
52681
52012
51331
50634
49921
49189
48446
47695
46942
46178
45405
44622
43827
43025
42221
41412
40604
39808
39011
38211
37406
36602
35796
34989
34187
33383
32584
31790
30994
30188
29379
28571
27781
26986
26205
25431
24668
23914
23167
22426
21701
20996
20299
19621
18960
18310
17687
17072
16486
15918
15365
14842
14344
13867
13406
12973
12559
12166
11805
11458
11141
10847
10575
10332
10122
9932
9769
9636
9525
9436
9371
9337
9326
9342
9378
9450
9543
9653
9794
9964
10158
10374
10629
10909
11206
11529
11873
12242
12640
13057
13497
13959
14438
14940
15469
16021
16590
17181
17797
18428
19083
19749
20433
21133
21843
22573
23315
24062
24820
25586
26361
27144
27939
28743
29547
30358
31154
31934
32717
33507
34297
35089
35882
36673
37467
38261
39047
39831
40610
41420
42228
43035
43835
44635
45415
46190
46958
47710
48459
49196
49921
50628
51322
52006
52675
53327
53957
54576
55167
55742
56297
56833
57342
57830
58308
58754
59184
59589
59961
60311
60636
60933
61204
61450
61662
61855
62018
62153
62262
62343
62404
62436
62450
62435
62401
62330
62240
62129
61989
61822
61627
61410
61160
60878
60581
60256
59911
59541
59147
58727
58290
57827
57350
56845
56315
55759
55187
54596
53980
53352
52703
52038
51355
50657
49945
49214
48477
47728
46974
46208
45433
44647
43849
43047
42235
41426
40619
39824
39028
38223
37419
36615
35811
35005
34202
33396
32589
31794
31002
30195
29383
28575
27779
26984
26202
25426
24662
23910
23164
22427
21701
20991
20291
19612
18950
18299
17674
17063
16476
15911
15359
14834
14336
13861
13405
12972
12558
12167
11808
11462
11144
10852
10578
10334
10122
9933
9774
9639
9530
9441
9376
9341
9331
9346
9382
9454
9548
9663
9799
9965
10156
10371
10626
10903
11205
11527
11876
12245
12640
13055
13494
13959
14439
14943
15474
16029
16599
17188
17804
18431
19085
19754
20437
21140
21850
22580
23741
24380
25202
26061
26948
27731
28527
29328
30135
30947
31745
32539
33334
33775
34523
35343
35900
36770
37571
38379
39180
39977
40767
41579
42391
43200
43993
44788
45571
46349
47106
47861
48608
49348
50077
50784
51484
52162
52821
53471
54097
54707
55293
55864
56411
56938
57438
57914
58374
58807
59222
59620
59981
60324
60643
60938
61214
61458
61669
61857
62015
62146
62256
62343
62405
62441
62454
62433
62396
62323
62231
62118
61979
61808
61620
61404
61154
60877
60577
60256
59911
59540
59140
58717
58277
57814
57337
56832
56302
55750
55180
54592
53976
53351
52701
52036
51356
50659
49945
49216
48472
47718
46964
46195
45417
44634
43834
43030
42224
41413
40605
39809
39012
38214
37410
36607
35801
34991
34184
33378
32577
31780
30988
30181
29370
28567
27772
26976
26192
25420
24661
23910
23167
22424
21701
20994
20295
19617
18954
18304
17680
17069
16482
15918
15363
14838
14341
13861
13403
12975
12558
12164
11805
11461
11141
10844
10568
10325
10114
9926
9770
9635
9523
9433
9368
9333
9320
9336
9377
9449
9543
9657
9795
9962
10153
10370
10626
10908
11208
11534
11883
12251
12649
13065
13503
13966
14446
14949
15479
16033
16603
17196
17812
18440
19093
19760
20448
21146
21858
22589
23328
24077
24831
25597
26368
27151
27944
28749
29556
30361
31161
31956
32752
33552
34355
35158
35960
36768
37573
38376
39171
39966
40756
41571
42384
43190
43987
44783
45566
46342
47103
47856
48609
49350
50076
50777
51468
52140
52800
53446
54069
54685
55273
55843
56392
56915
57416
57897
58362
58802
59224
59630
60001
60348
60672
60968
61243
61483
61693
61873
62031
62165
62278
62364
62419
62446
62450
62423
62379
62301
62204
62090
61943
61776
61581
61353
61097
60813
60505
60182
59829
59451
59054
58632
58194
57728
57243
56732
56201
55641
55064
54467
53845
53213
52561
51887
51200
50494
49776
49043
48300
47548
46788
46017
45245
44457
43663
42860
42053
41241
40441
39644
38848
38045
37243
36441
35637
34830
34029
33223
32422
31631
30837
30035
29228
28421
27626
26829
26055
25280
24518
23769
23022
22288
21564
20856
20154
19480
18825
18179
17552
16946
16367
15800
15256
14735
14244
13768
13314
12884
12474
12090
11732
11398
11077
10791
10513
10276
10070
9886
9731
9605
9498
9411
9353
9321
9314
9339
9384
9465
9563
9679
9827
9997
10190
10414
10671
10954
11259
11583
11937
12314
12716
13137
13581
14047
14535
15049
15582
16142
16719
17313
17935
18565
19219
19889
20574
21275
21990
22719
23823
24627
25368
26383
27094
27879
28675
29478
30285
31102
31900
32698
33495
33971
34808
35565
36128
36936
37737
38543
39343
40139
40929
41743
42549
43354
44145
44940
45713
46488
47252
48005
48753
49487
50210
50920
51617
52296
52958
53605
54231
54839
55420
55986
56528
57047
57544
58019
58472
58903
59311
59696
60057
60392
60709
60993
61268
61504
61714
61891
62046
62176
62282
62370
62426
62458
62469
62444
62403
62328
62231
62114
61968
61796
61599
61375
61115
60831
60528
60205
59850
59471
59067
58644
58201
57734
57251
56740
56211
55652
55075
54475
53851
53217
52564
51891
51200
50495
49778
49046
48302
47552
46795
46026
45250
44464
43672
42870
42066
41255
40452
39661
38864
38060
37256
36450
35644
34838
34038
33232
32431
31634
30846
30038
29226
28418
27624
26827
26051
25279
24514
23764
23015
22280
21558
20849
20153
19479
18822
18180
17554
16947
16370
15803
15258
14739
14247
13771
13318
12886
12476
12089
11727
11392
11078
10793
10518
10284
10077
9898
9742
9611
9507
9422
9368
9337
9327
9350
9393
9471
9567
9684
9833
10003
10198
10421
10678
10961
11268
11595
11949
12329
12731
13151
13593
14058
14541
15054
15588
16145
16719
17316
17934
18564
19216
19887
20570
21276
21991
22725
23470
24215
24972
25744
26512
27298
28094
28897
29704
30520
31303
32087
32868
33656
34446
35239
36027
36826
37613
38404
39192
39976
40754
41571
42381
43189
43983
44781
45565
46340
47102
47861
48606
49343
50072
50780
51479
52154
52811
53456
54075
54685
55275
55844
56392
56922
57426
57903
58364
58800
59219
59622
59991
60341
60676
60976
61259
61507
61720
61906
62065
62194
62300
62388
62447
62481
62490
62459
62411
62331
62233
62110
61964
61792
61600
61378
61122
60841
60532
60207
59853
59475
59065
58643
58202
57731
57247
56732
56203
55641
55064
54465
53846
53210
52557
51889
51201
50497
49784
49056
48315
47565
46809
46041
45265
44480
43688
42885
42077
41261
40462
39666
38871
38064
37259
36451
35644
34833
34029
33222
32420
31625
30833
30025
29216
28408
27614
26819
26046
25275
24515
23767
23020
22286
21564
20857
20161
19484
18824
18176
17552
16943
16362
15796
15252
14731
14239
13764
13307
12880
12471
12083
11727
11390
11074
10787
10516
10279
10071
9893
9737
9611
9505
9421
9367
9335
9327
9351
9393
9467
9566
9683
9831
10002
10196
10421
10679
10960
11267
11592
11944
12322
12726
13145
13585
14054
14537
15048
15579
16142
16715
17311
17930
18564
19217
19888
20575
21280
21996
22728
23834
24637
25381
26398
27107
27896
28692
29497
30305
31119
31912
32704
33498
33976
34811
35562
36127
36936
37738
38538
39339
40136
40929
41746
42562
43370
44164
44961
45739
46515
47276
48029
48779
49511
50235
50941
51634
52309
52966
53613
54239
54848
55430
55997
56537
57059
57550
58026
58479
58913
59320
59703
60062
60397
60708
60992
61268
61503
61713
61893
62048
62181
62283
62368
62427
62460
62470
62448
62406
62327
62232
62114
61970
61801
61607
61384
61125
60839
60536
60209
59857
59481
59081
58655
58211
57742
57255
56739
56210
55652
55076
54479
53858
53223
52565
51892
51208
50508
49792
49063
48319
47568
46806
46035
45260
44474
43679
42878
42070
41253
40451
39654
38856
38051
37246
36446
35641
34833
34032
33230
32430
31634
30843
30035
29225
28419
27629
26835
26061
25286
24523
23775
23023
22288
21568
20862
20167
19493
18833
18187
17560
16952
16375
15807
15263
14742
14250
13774
13318
12890
12480
12096
11736
11400
11083
10798
10525
10288
10081
9901
9745
9616
9509
9424
9368
9336
9327
9351
9395
9470
9568
9685
9833
10006
10202
10426
10681
10964
11268
11591
11940
12318
12721
13144
13588
14056
14536
15047
15577
16133
16707
17304
17926
18560
19213
19884
20570
21274
21987
22720
23462
24210
24972
25745
26520
27308
28103
28905
29711
30522
31314
32109
32906
33710
34515
35318
36123
36931
37731
38534
39334
40131
40922
41737
42550
43355
44152
44947
45722
46497
47258
48016
48764
49499
50223
50933
51629
52303
52961
53610
54232
54836
55407
55970
56510
57031
57529
58004
58463
58893
59302
59691
60047
60383
60704
61000
61282
61527
61740
61917
62072
62202
62305
62387
62436
62464
62469
62446
62400
62315
62208
62075
61921
61746
61542
61313
61051
60770
60458
60132
59774
59392
58984
58556
58110
57637
57144
56631
56092
55533
54954
54351
53728
53092
52430
51756
51068
50367
49648
48913
48169
47420
46664
45887
45111
44320
43525
42724
41911
41093
40290
39495
38697
37891
37089
36280
35478
34668
33866
33060
32264
31469
30681
29870
29057
28256
27461
26672
25900
25124
24368
23621
22878
22142
21422
20719
20028
19352
18694
18054
17430
16825
16247
15687
15144
14631
14141
13668
13223
12797
12394
12015
11661
11331
11019
10737
10472
10240
10042
9864
9713
9588
9487
9407
9360
9333
9337
9360
9408
9491
9592
9717
9869
10044
10241
10474
10737
11018
11332
11658
12016
12397
12801
13227
13675
14143
14634
15149
15693
16253
16832
17436
18056
18693
19349
20023
20714
21419
22140
22875
23947
24661
25470
26485
27260
28051
28844
29646
30458
31274
32065
32859
33489
34148
34945
35663
36283
37092
37893
38698
39495
40290
41087
41901
42714
43517
44311
45103
45875
46653
47407
48159
48903
49635
50356
51057
51752
52428
53088
53728
54348
54954
55531
56096
