32642
32637
33032
33741
34716
35801
37088
38368
39630
40857
41792
42480
42880
43070
42896
42546
42062
41501
41073
40597
40423
40442
40631
41310
42115
43184
44508
45832
47101
48202
49160
49780
50172
50172
49997
49536
48900
48198
47505
46894
46492
46277
46366
46724
47430
48333
49317
50456
51536
52531
53221
53688
53740
53646
53227
52497
51696
50744
49862
49050
48274
47810
47692
47900
48370
49091
49830
50706
51496
52086
52436
52657
52553
52153
51520
50513
49274
48058
46779
45694
44736
44221
43974
44006
44201
44560
45122
45649
46268
46810
47082
47022
46696
46066
45134
44002
42775
41418
40095
38908
37931
37123
36629
36435
36514
36803
37293
37763
38222
38490
38674
38725
38459
37815
37052
35996
34687
33425
32237
31119
30197
29427
29086
28910
28966
29272
29779
30230
30767
31262
31548
31609
31275
30814
30053
29074
27899
26730
25603
24633
23811
23238
23011
23130
23548
24112
24798
25615
26422
27127
27663
27860
27886
27529
27007
26227
25256
24258
23398
22673
22005
21742
21782
22091
22670
23440
24550
25628
26714
27665
28526
28998
29181
29159
28974
28495
27820
27133
26589
26049
25770
25596
25739
26228
27066
28111
29275
30499
31743
32885
33805
34486
34894
34989
34929
34595
34092
33538
33053
32741
32412
32487
32937
33590
34422
35520
36833
38130
39414
40576
41564
42312
42748
43009
42851
42455
41978
41497
41083
40698
40516
40591
40920
41480
42408
43501
44770
46123
47310
48466
49359
50004
50396
50491
50272
49799
49117
48445
47685
47086
46675
46549
46633
47048
47586
48447
49543
50588
51638
52610
53368
53744
53909
53716
53244
52686
51836
50906
49932
49064
48452
48143
48049
48189
48665
49257
50120
50936
51675
52320
52788
52936
52642
52188
51375
50450
49336
48027
46921
45803
44851
44175
43895
43859
44043
44490
45038
45669
46181
46643
46996
46934
46609
46071
45148
43946
42622
41443
40158
38969
37985
37250
36717
36502
36564
36872
37324
37797
38244
38662
38761
38783
38493
37819
36901
35810
34517
33200
31898
30771
29861
29088
28719
28649
28739
29033
29614
30223
30815
31261
31544
31644
31399
30929
30249
29283
28069
26825
25741
24706
24017
23469
23238
23313
23685
24262
25051
25765
26509
27229
27784
27964
27935
27451
26857
26120
25163
24142
23225
22462
21930
21611
21674
22019
22668
23585
24684
25748
26736
27762
28542
29030
29232
29141
28903
28342
27733
26973
26331
25794
25407
25427
25708
26339
27182
28208
29292
30497
31681
32792
33720
34370
34744
34911
34730
34452
33917
33427
32923
32710
32605
32748
33078
33803
34734
35901
37173
38503
39689
40761
41676
42314
42689
42861
42713
42399
41915
41371
40853
40431
40230
40403
40842
41568
42530
43635
44823
46066
47197
48284
49194
49881
50226
50245
49942
49407
48861
48091
47384
46855
46591
46581
46775
47216
47944
48803
49743
50887
51946
52840
53428
53914
53943
53659
53117
52339
51424
50395
49530
48773
48179
47840
47718
47885
48298
48983
49766
50654
51448
52062
52535
52662
52414
51884
51128
50213
49097
47843
46695
45692
44848
44310
44075
43966
44205
44676
45162
45754
46251
46704
47040
46956
46550
45945
44991
43851
42577
41251
40094
38873
37904
37269
36796
36572
36668
36943
37428
37923
38354
38670
38747
38586
38284
37604
36681
35519
34251
33071
31859
30727
29818
29264
28972
28925
29132
29518
30050
30565
31105
31503
31720
31636
31256
30678
29922
28837
27596
26404
25322
24342
23642
23231
23071
23066
23504
24196
24976
25696
26485
27265
27633
27834
27732
27397
26673
25900
25099
24006
23150
22467
21998
21817
21866
22304
22975
23863
24865
25992
27043
27952
28764
29258
29407
29283
28883
28257
27566
26905
26212
25718
25413
25330
25692
26258
27054
28136
29358
30630
31798
32900
33797
34517
34921
35113
34956
34567
33980
33479
32914
32570
32468
32594
33048
33728
34559
35741
37040
38298
39536
40791
41729
42423
42738
42857
42702
42286
41850
41287
40781
40441
40323
40397
40775
41430
42325
43409
44666
45853
47087
48144
48965
49569
49898
49770
49490
48933
48315
47720
47040
46651
46345
46267
46526
46988
47811
48754
49856
50955
52018
52851
53562
53947
53991
53765
53221
52491
51629
50576
49689
48948
48293
47923
47826
47979
48470
49155
49969
50855
51596
52170
52597
52688
52566
52110
51316
50372
49226
47994
46798
45698
44881
44292
43958
43885
44053
44486
45091
45655
46182
46566
46719
46750
46344
45647
44698
43530
42293
40946
39569
38442
37515
36860
36414
36250
36295
36633
37072
37630
38101
38423
38642
38560
38159
37489
36628
35607
34295
33013
31811
30722
29796
29210
28853
28713
28887
29303
29888
30482
30934
31381
31564
31508
31217
30671
29755
28764
27685
26463
25267
24363
23572
23231
23030
23268
23757
24348
25038
25889
26693
27377
27859
28056
27933
27584
27026
26192
25255
24347
23499
22741
22184
21954
22038
22468
23131
23993
25001
26022
27054
27947
28567
29063
29256
29231
28860
28322
27631
26899
26211
25716
25505
25578
25826
26395
27262
28305
29471
30709
31986
33063
34007
34661
35062
34983
34798
34493
34075
33559
33148
32906
32711
32792
33223
33942
34942
36046
37390
38684
39896
41072
41916
42600
42977
43078
42875
42448
41980
41373
40965
40544
40474
40479
40756
41429
42337
43449
44759
46099
47349
48448
49319
49861
50221
50191
49958
49427
48744
48060
47365
46836
46457
46312
46430
46857
47574
48500
49545
50712
51772
52762
53372
53761
53741
53584
53135
52387
51515
50602
49655
48899
48178
47776
47725
47994
48524
49261
50038
50903
51615
52157
52484
52687
52520
52060
51382
50272
49053
47781
46596
45496
44620
44173
44006
44043
44317
44694
45250
45787
46439
46883
47146
47048
46657
45959
44997
43816
42527
41208
39879
38679
37816
36983
36556
36490
36592
36923
37389
37876
38336
38568
38749
38730
38381
37663
36880
35763
34468
33231
31973
30906
30005
29352
29034
28887
29000
29391
29867
30390
30881
31341
31595
31590
31185
30657
29865
28838
27677
26489
25388
24448
23638
23176
23020
23191
23662
24204
24923
25835
26596
27251
27689
27929
27838
27453
26857
26043
25082
24084
23236
22539
21950
21700
21859
22210
22841
23660
24731
25823
26942
27863
28629
29073
29161
29148
28875
28372
27665
27053
26505
25958
25709
25600
25816
26410
27260
28373
29488
30751
32013
33094
33959
34594
34932
35006
34879
34494
33966
33488
32967
32651
32406
32596
33087
33741
34600
35783
37116
38376
39648
40804
41751
42425
42832
43021
42783
42349
41910
41439
40988
40639
40494
40661
41048
41672
42613
43765
45068
46354
47545
48698
49517
50104
50416
50541
50172
49666
48966
48287
47600
46971
46638
46602
46700
47140
47787
48666
49733
50808
51864
52811
53485
53786
53874
53676
53136
52512
51661
50740
49737
48960
48402
48108
48043
48225
48828
49422
50272
51090
51844
52469
52886
52935
52601
52067
51214
50272
49085
47805
46684
45604
44669
44125
43890
43877
44136
44584
45190
45763
46269
46721
46991
46924
46535
45904
44954
43697
42355
41191
39904
38740
37770
37093
36641
36487
36637
36974
37438
37885
38360
38691
38805
38739
38377
37619
36694
35567
34247
32905
31677
30575
29674
29018
28711
28651
28787
29161
29760
30355
30923
31401
31645
31637
31337
30788
30058
29058
27817
26615
25579
24556
23908
23411
23272
23368
23841
24402
25178
25957
26695
27387
27862
27963
27882
27333
26699
25941
24947
23964
23018
22361
21861
21599
21759
22117
22821
23772
24902
25972
26962
27926
28633
29059
29225
29124
28811
28256
27602
26863
26206
25702
25396
25486
25799
26515
27343
28423
29526
30701
31913
33024
33957
34583
34922
35024
34799
34495
33985
33452
33033
32807
32732
32951
33339
34080
35010
36173
37451
38760
39939
40966
41812
42401
42742
42848
42643
42334
41831
41248
40735
40337
40252
40468
40938
41680
42738
43861
45091
46259
47410
48437
49311
49947
50276
50207
49834
49277
48700
47957
47223
46807
46574
46560
46847
47361
48087
48940
49982
51050
52133
52922
53529
53963
53902
53575
52984
52187
51205
50210
49411
48597
48104
47790
47740
47926
48439
49151
49958
50853
51587
52151
52603
52620
52329
51786
50948
50041
48884
47627
46451
45539
44719
44234
44003
43942
44281
44738
45254
45889
46332
46784
47062
46894
46469
45757
44775
43593
42293
41002
39825
38651
37716
37146
36713
36561
36694
37003
37556
38005
38415
38693
38718
38572
38128
37443
36441
35241
34019
32856
31625
30535
29664
29176
28955
28940
29173
29600
30206
30708
31190
31567
31777
31589
31155
30552
29729
28596
27331
26209
25079
24199
23514
23186
23022
23119
23635
24318
25093
25870
26648
27333
27672
27828
27663
27276
26539
25726
24872
23806
22961
22369
21936
21784
21933
22415
23135
24038
25102
26207
27228
28126
28891
29338
29394
29222
28749
28180
27430
26810
26094
25672
25345
25399
25796
26420
27226
28360
29641
30869
32024
33098
33949
34666
34968
35117
34914
34462
33856
33377
32814
32546
32473
32686
33213
33882
34832
36026
37272
38543
39825
41015
41863
42507
42833
42852
42681
42199
41752
41191
40684
40371
40353
40450
40907
41584
42545
43658
44890
46136
47326
48343
49118
49642
49895
49770
49358
48792
48228
47590
46937
46577
46288
46298
46594
47124
47968
48974
50043
51171
52174
52991
53641
53970
53964
53699
53110
52287
51418
50367
49539
48788
48186
47926
47799
48053
48577
49309
50162
50987
51713
52285
52635
52709
52545
51968
51136
50151
48962
47728
46561
45555
44734
44258
43920
43949
44114
44591
45192
45814
46289
46638
46790
46738
46231
45490
44463
43281
42025
40647
39375
38261
37387
36752
36377
36257
36329
36760
37196
37762
38180
38443
38693
38541
38035
37324
36444
35383
34021
32766
31536
30534
29661
29144
28824
28725
28965
29425
29982
30574
31008
31414
31569
31433
31103
30513
29592
28546
27405
26229
25099
24209
23504
23163
23078
23334
23847
24457
25193
26069
26843
27503
27903
28044
27910
27527
26896
26018
25018
24196
23303
22600
22103
21952
22101
22570
23287
24166
25210
26266
27274
28087
28667
29109
29315
29187
28750
28204
27519
26765
26103
25650
25531
25637
25948
26549
27456
28550
29743
31026
32189
33276
34146
34770
35078
35033
34833
34505
34023
33509
33112
32854
32703
32890
33377
34163
35213
36331
37634
38910
40137
41278
42100
42733
43027
43079
42846
42423
41887
41328
40905
40514
40429
40460
40896
41597
42576
43719
45051
46367
47593
48686
49453
50002
50255
50152
49871
49302
48586
47921
47199
46766
46419
46339
46493
46989
47754
48718
49780
50934
51973
52907
53474
53770
53719
53482
52990
52238
51327
50413
49476
48715
48091
47737
47733
48052
48683
49360
50200
51070
51732
52250
52540
52672
52444
51965
51235
50012
48835
47558
46376
45264
44500
44091
44007
44082
44358
44775
45344
45903
46525
46922
47110
46958
46556
45770
44723
43559
42248
40908
39620
38457
37610
36867
36526
36507
36603
37047
37484
37996
38390
38626
38791
38688
38235
37492
36629
35533
34195
32972
31708
30686
29849
29279
28983
28841
29017
29469
29926
30512
30967
31377
31568
31524
31129
30546
29621
28573
27419
26269
25135
24255
23535
23078
22998
23260
23743
24332
25107
25961
26781
27344
27720
27890
27786
27361
26712
25825
24891
23921
23040
22423
21865
21706
21870
22357
22951
23862
24942
26077
27118
28012
28756
29123
29164
29111
28821
28260
27531
26936
26376
25866
25680
25576
25919
26579
27430
28595
29743
31033
32213
33286
34115
34710
34950
34969
34815
34396
33879
33386
32904
32621
32407
32663
33213
33853
34794
36037
37350
38644
39841
40978
41906
42483
42901
42965
42715
42283
41803
41295
40921
40623
40462
40720
41163
41887
42824
44015
45326
46578
47759
48841
49640
50160
50464
50497
50112
49551
48815
48127
47463
46885
46600
46652
46817
47255
47950
48907
49954
51028
52075
52980
53607
53806
53859
53593
53048
52337
51491
50531
49526
48836
48343
48089
48046
48325
48901
49618
50428
51252
51943
52598
52875
52884
52501
51875
51049
50010
48816
47570
46442
45401
44533
44081
43917
43940
44201
44702
45313
45906
46381
46819
47027
46856
46426
45750
44728
43429
42158
40918
39654
38572
37657
37039
36625
36547
36749
37035
37575
38021
38442
38728
38859
38698
38231
37470
36502
35321
33983
32639
31442
30404
29537
28947
28725
28696
28863
29275
29900
30461
31051
31416
31652
31574
31212
30661
29807
28791
27563
26366
25334
24406
23794
23369
23301
23438
23916
24606
25298
26091
26853
27501
27874
27980
27777
27239
26579
25781
24722
23792
22891
22280
21797
21577
21787
22238
23010
24009
25143
26212
27178
28107
28734
29140
29237
29120
28733
28097
27466
26699
26060
25630
25421
25552
25913
26634
27527
28643
29781
31007
32138
33287
34071
34684
34991
34992
34719
34371
33873
33288
32895
32658
32697
32939
33352
34111
35103
36293
37602
38908
40081
41124
41952
42507
42828
42801
42631
42209
41752
41185
40683
40245
40289
40573
41091
41866
42920
44098
45321
46519
47644
48632
49438
50048
50280
50101
49752
49166
48603
47852
47113
46761
46579
46589
46926
47472
48267
49151
50241
51276
52326
53070
53653
53956
53834
53499
52877
52027
51020
50068
49293
48478
48009
47785
47781
48010
48602
49353
50156
51012
51716
52289
52678
52600
52274
51690
50800
49834
48662
47381
46293
45363
44611
44196
43973
43992
44376
44860
45376
46005
46418
46896
47066
46853
46370
45572
44555
43336
42019
40765
39556
38476
37564
37060
36695
36607
36759
37092
37664
38120
38489
38705
38729
38561
38011
37234
36233
35001
33750
32583
31414
30364
29528
29110
28942
28985
29262
29714
30298
30823
31307
31630
31759
31524
31058
30428
29545
28360
27138
26023
24885
24053
23446
23114
22987
23225
23780
24488
25225
26059
26800
27455
27704
27783
27635
27133
26391
25595
24649
23642
22791
22238
21877
21792
21980
22545
23270
24241
25279
26458
27415
28315
29049
29396
29387
29142
28646
28061
27307
26668
25987
25651
25335
25448
25896
26613
27428
28610
29899
31140
32271
33297
34129
34750
35021
35145
34839
34367
33792
33304
32740
32500
32497
32767
33368
34034
35053
36293
37570
38767
40125
41215
42033
42556
42893
42819
42585
42108
41681
41121
40622
40363
40338
40553
41035
41763
42751
43895
45132
46394
47555
48568
49286
49760
49894
49726
49285
48673
48109
47451
46857
46519
46256
46305
46719
47278
48186
49218
50290
51406
52388
53186
53734
54020
53967
53599
53004
52171
51214
50229
49363
48618
48141
47875
47803
48167
48729
49482
50346
51152
51835
52381
52639
52695
52470
51846
50924
49909
48680
47432
46289
45376
44612
44181
43947
43964
44215
44708
45321
45908
46401
46653
46838
46695
46097
45300
44251
43044
41790
40362
39104
38099
37263
36650
36307
36285
36397
36896
37265
37862
38232
38530
38704
38449
37918
37154
36256
35091
33780
32529
31346
30341
29541
29022
28776
28749
29040
29513
30115
30697
31142
31479
31588
31411
30997
30348
29405
28297
27149
25988
24900
24030
23388
23115
23133
23445
23940
24615
25391
26250
27007
27607
28022
28041
27873
27412
26748
25799
24877
24034
23180
22483
22035
21975
22208
22684
23466
24375
25409
26455
27421
28188
28788
29204
29291
29086
28598
28072
27348
26585
25958
25620
25514
25659
25983
26702
27679
28752
30040
31306
32412
33513
34288
34872
35063
35003
34711
34424
33908
33432
32996
32721
32581
32795
33311
34197
35270
36420
37732
39073
40290
41358
42138
42758
43020
43041
42806
42313
41748
41234
40779
40513
40437
40539
41033
41794
42800
44001
45298
46641
47815
48854
49580
50078
50271
50131
49777
49151
48447
47809
47086
46674
46404
46348
46558
47136
47947
48918
50022
51154
52162
53049
53545
53759
53728
53433
52850
52063
51111
50210
49306
48561
47986
47685
47802
48137
48775
49481
50395
51230
51865
52325
52615
52653
52408
51847
50993
49799
48620
47334
46166
45088
44413
44074
43983
44136
44437
44908
45463
46058
46648
46997
47090
46921
46402
45611
44513
43328
42007
40656
39400
38305
37512
36830
36474
36495
36673
37139
37615
38076
38441
38641
38807
38656
38093
37367
36448
35274
33976
32765
31495
30506
29706
29252
28946
28893
29120
29580
30046
30601
31115
31471
31589
31440
31024
30351
29453
28338
27161
26090
24986
24103
23448
23026
23035
23307
23859
24494
25298
26095
26916
27447
27788
27924
27722
27252
26565
25681
24703
23744
22932
22281
21842
21728
21885
22489
23131
24104
25178
26263
27305
28186
28837
29153
29167
29080
28684
28127
27402
26816
26239
25801
25629
25624
25997
26714
27657
28798
29914
31246
32454
33467
34274
34783
34971
34989
34747
34315
33779
33245
32861
32537
32450
32741
33307
34027
35055
36312
37582
38891
40110
41204
42004
42560
42931
42954
42636
42186
41737
41217
40826
40569
40502
40764
41244
42081
43042
44268
45572
46781
47960
49005
49763
50245
50479
50403
49996
49442
48700
48003
47323
46812
46554
46634
46851
47351
48098
49112
50172
51213
52266
53080
53679
53874
53775
53485
52945
52171
51289
50359
49326
48678
48273
48094
48108
48411
49007
49785
50582
51380
52071
52665
52877
52829
52430
51742
50860
49768
48544
47345
46195
45234
44395
44013
43914
43979
44317
44866
45451
45988
46424
46870
47001
46790
46337
45544
44470
43175
41901
40638
39428
38354
37480
36896
36555
36539
36821
37129
37646
38098
38533
38747
38839
38648
38083
37312
36320
35078
33725
32413
31186
30221
29383
28917
28718
28695
28927
29418
30011
30611
31160
31446
31649
31524
31095
30514
29652
28562
27283
26190
25132
24303
23683
23329
23311
23509
23998
24720
25409
26222
26982
27580
27921
27956
27673
27071
26393
25573
24560
23596
22740
22161
21731
21604
21849
22334
23214
24243
25331
26374
27369
28263
28874
29178
29183
29048
28606
28008
27284
26581
25953
25582
25443
25623
26060
26810
27772
28899
30011
31253
32343
33476
34230
34785
35067
35009
34689
34270
33766
33188
32860
32636
32608
32901
33321
34121
35149
36345
37709
38955
40122
41099
41927
42429
42705
42690
42506
42108
41619
41045
40541
40225
40335
40642
41230
42041
43102
44352
45543
46722
47846
48801
49581
50099
50249
50046
49633
49041
48430
47697
47018
46700
46559
46556
46981
47616
48449
49314
50476
51509
52458
53195
53742
53962
53792
53372
52677
51812
50776
49864
49095
48359
47895
47715
47822
48102
48694
49503
50326
51135
51830
52395
52686
52568
52136
51511
50604
49605
48369
47123
46047
45160
44495
44148
43954
44057
44466
44988
45505
46098
46516
46947
46997
46729
46238
45314
44294
43088
41743
40543
39310
38326
37448
36948
36650
36639
36801
37203
37748
38201
38534
38720
38680
38472
37888
37026
35992
34756
33538
32306
31189
30172
29405
29027
28929
29020
29348
29844
30369
30905
31408
31735
31711
31435
30984
30263
29287
28123
26864
25787
24703
23910
23345
23086
23018
23293
23934
24667
25378
26232
26967
27533
27759
27769
27555
27012
26215
25402
24401
23455
22684
22165
21879
21815
22057
22702
23425
24425
25489
26607
27578
28491
29074
29409
29348
29041
28519
27862
27154
26484
25875
25535
25304
25531
26016
26759
27641
28853
30136
31373
32511
33486
34275
34798
35038
35061
34806
34198
33673
33161
32682
32457
32539
32855
33459
34181
35239
36524
37821
39055
40370
41377
42169
42643
42922
42809
42515
42010
41565
40995
40513
40331
40361
40603
41142
41936
42959
44160
45388
46640
47751
48698
49435
49812
49872
49644
49157
48550
47981
47334
46786
46448
46260
46364
46806
47470
48345
49414
50520
51557
52554
53318
53822
54005
53906
53441
52836
51995
51023
50035
49232
48505
48035
47859
47850
48284
48910
49668
50537
51293
51963
52460
52714
52656
52341
51704
50770
49677
48451
47194
46099
45180
44471
44080
43934
43971
44326
44852
45410
46003
46467
46674
46797
46594
45959
45108
44037
42818
41488
40080
38869
37890
37142
36533
36294
36264
36469
36950
37381
37937
38334
38593
38702
38351
37820
37011
36040
34807
33526
32309
31115
30146
29416
28944
28785
28836
29119
29642
30237
30779
31192
31532
31581
31401
30891
30143
29194
28081
26919
25734
24717
23870
23325
23050
23190
23531
24050
24730
25541
26396
27133
27715
28085
28039
27793
27317
26581
25624
24683
23840
23000
22379
22046
21988
22282
22823
23642
24613
25598
26669
27578
28349
28886
29256
29309
29014
28486
27939
27166
26477
25866
25600
25523
25748
26125
26884
27881
29018
30287
31548
32654
33713
34441
34930
35072
34959
34629
34314
33774
33353
32902
32695
32602
32831
33410
34301
35374
36570
37867
39193
40451
41437
42137
42695
42894
42877
42612
42152
41671
41187
40715
40499
40441
40605
41180
41964
42988
44280
45610
46873
48024
49032
49680
50143
50259
50055
49676
49030
48352
47676
47011
46568
46336
46339
46661
47292
48177
49140
50247
51361
52348
53143
53621
53792
53735
53353
52698
51896
50949
50027
49174
48418
47916
47691
47873
48233
48923
49656
50527
51383
51974
52421
52618
52597
52281
51713
50745
49558
48338
47069
45924
44912
44302
43997
43985
44136
44492
45022
45591
46131
46708
47049
47096
46831
46247
45369
44285
43045
41720
40397
39132
38138
37314
36692
36463
36539
36755
37253
37703
38152
38455
38702
38771
38550
37970
37227
36197
34985
33719
32513
31318
30351
29584
29160
28941
28942
29192
29645
30152
30696
31207
31568
31612
31347
30923
30210
29283
28099
26949
25839
24788
23953
23363
22995
23087
23414
23960
24627
25456
26261
27003
27557
27804
27870
27603
27150
26395
25487
24459
23538
22775
22137
21782
21756
21956
22570
23275
24337
25410
26483
27542
28350
28916
29144
29172
29066
28634
27964
27295
26722
26125
25768
25593
25698
26102
26874
27878
29020
30207
31479
32666
33687
34404
34839
34953
34966
34697
34243
33671
33190
32799
32486
32484
32853
33465
34227
35314
36576
37857
39149
40353
41415
42151
42666
42988
42938
42583
42110
41607
41170
40737
40532
40542
40873
41368
42223
43255
44527
45850
47079
48234
49230
49892
50323
50508
50349
49943
49325
48603
47843
47208
46761
46595
46632
46975
47458
48273
49362
50408
51430
52445
53233
53752
53908
53774
53415
52831
52016
51096
50186
49181
48594
48199
48069
48172
48552
49124
49983
50784
51516
52216
52736
52926
52757
52344
51564
50683
49586
48322
47163
45992
45048
44277
43971
43869
44005
44424
44958
45584
46097
46563
46950
46959
46685
46218
45361
44226
42891
41677
40402
39192
38187
37333
36811
36504
36553
36843
37230
37740
38176
38589
38739
38817
38565
37925
37082
36081
34806
33478
32211
30982
30031
29260
28806
28663
28720
28968
29504
30096
30720
31226
31477
31691
