56134
55441
54754
54135
53483
52808
52037
51397
50629
49859
49050
48238
47489
46680
45881
45090
44307
43547
42695
41969
41121
40278
39466
38724
37795
36967
36206
35429
34634
33826
32968
32184
31405
30627
29782
29008
28244
27498
26797
26060
25180
24387
23628
22852
22163
21439
20770
20137
19414
18772
18195
17721
17117
16566
16113
15705
15306
14885
14466
14058
13751
13540
13187
12856
12543
12347
12235
12050
11857
11666
11636
11521
11498
11359
11326
11340
11369
11488
11430
11612
11677
11851
12128
12318
12537
12854
13227
13567
13950
14257
14579
15041
15568
16064
16541
16939
17452
17901
18369
18888
19549
20276
20970
21676
22305
22938
23679
24472
25293
25976
26763
27455
28177
28895
29670
30495
31207
32000
32743
33507
34179
34977
35871
36679
37577
38392
39139
39873
40615
41400
42161
43029
43806
44676
45468
46227
46983
47732
48567
49414
50172
50994
51842
52566
53226
53926
54562
55137
55749
56354
57003
57589
58060
58666
59143
59597
60153
60669
61067
61486
61916
62246
62492
62771
62947
63149
63333
63578
63769
63916
63963
64106
64182
64224
64283
64384
64449
64456
64339
64185
64032
63805
63727
63492
63252
62905
62566
62204
61817
61356
61006
60770
60287
59782
59322
58816
58276
57772
57283
56753
56156
55580
54856
54113
53248
52569
51943
51193
50464
49733
48950
48224
47480
46655
45840
45080
44384
43667
42925
42093
41291
40447
39689
38885
37991
37214
36431
35703
34796
33952
33179
32328
31588
30662
29855
29047
28300
27469
26611
25886
25178
24542
23788
23028
22356
21689
21161
20565
19848
19213
18585
18029
17532
17047
16519
16179
15698
15253
14720
14192
13910
13654
13325
13031
12836
12516
12233
11969
11723
11602
11450
11483
11407
11234
11210
11186
11262
11195
11287
11462
11568
11773
12010
12260
12416
12760
13114
13457
13778
14085
14534
14887
15285
15908
16250
16764
17314
17917
18427
19012
19675
20305
20958
21556
22292
23002
23614
24299
25024
25769
26481
27214
27966
28820
29622
30390
31283
32119
32996
33763
34610
35353
36158
37036
37881
38616
39451
40252
41092
41825
42542
43370
44298
45076
45861
46668
47525
48219
49023
49683
50479
51223
51929
52649
53319
53884
54513
55199
55782
56342
56944
57561
58106
58582
59205
59686
60144
60568
61067
61554
61922
62299
62616
63002
63311
63520
63689
63790
64003
64133
64254
64263
64280
64301
64370
64312
64233
64137
64008
63970
63830
63703
63559
63324
63132
62937
62621
62360
62036
61749
61337
60884
60360
59950
59425
58848
58347
57825
57234
56634
55948
55319
54514
53935
53291
52579
51836
51184
50370
49691
48941
48165
47409
46610
45847
45146
44404
43661
42803
42001
41140
40369
39540
38653
37865
37020
36287
35383
34526
33645
32915
32130
31395
30670
29829
28958
28290
27541
26755
25990
25239
24577
23813
23120
22504
21800
20984
20473
19780
19230
18612
18098
17522
17007
16400
15972
15498
14933
14510
14071
13718
13318
12981
12707
12427
12211
11999
11901
11667
11518
11415
11398
11405
11387
11437
11404
11429
11537
11582
11656
11716
12041
12132
12412
12681
12943
13176
13426
13839
14167
14454
14855
15252
15773
16145
16764
17193
17738
18267
18966
19500
20082
20811
21518
22295
23048
23721
24478
25179
25973
26789
27502
28233
29185
29921
30680
31417
32203
32983
33815
34615
35447
36216
36892
37731
38474
39300
40158
40942
41767
42581
43394
44116
44959
45762
46588
47448
48208
48952
49666
50425
51136
51904
52721
53396
54109
54826
55477
55967
56574
57061
57653
58213
58744
59269
59734
60138
60566
61079
61397
61717
61990
62285
62652
62969
63210
63351
63605
63668
63901
63995
64033
64177
64262
64381
64470
64398
64305
64223
64248
64012
63842
63601
63359
63094
62748
62495
62231
61824
61373
61044
60635
60102
59692
59188
58656
58181
57665
57186
56550
55950
55393
54776
54139
53465
52830
52094
51390
50564
49733
48881
48092
47404
46464
45674
44873
44130
43336
42480
41727
40864
40082
39299
38566
37845
37020
36272
35418
34589
33732
32873
32151
31336
30581
29751
29012
28143
27321
26510
25824
25086
24269
23593
22990
22293
21605
20952
20384
19787
19215
18553
17997
17376
16775
16242
15711
15171
14702
14335
13868
13514
13104
12841
12587
12297
12143
12025
11872
11691
11635
11552
11400
11339
11354
11320
11272
11299
11418
11572
11639
11754
11966
12192
12398
12729
12974
13200
13528
13827
14202
14558
14964
15422
15946
16499
17045
17589
18021
18624
19196
19872
20585
21260
21983
22693
23374
23959
24619
25291
26038
26803
27573
28330
29107
29779
30530
31213
31939
32774
33727
34499
35335
36211
37043
37932
38727
39519
40357
41105
41939
42799
43526
44253
45130
45779
46574
47266
47959
48794
49628
50412
51200
